{
  "advancedEditorSelectedIdentifier" : "ProjectBrowser",
  "openSceneRelativePaths" : [
    "Scene.usda",
    "Scene2.usda",
    "Test2.usda"
  ],
  "recentIdentifiers" : {
    "147CF748-C43C-4C83-8DF1-BA92C8E7AAC9" : [

    ],
    "801BB739-7548-43D3-AD07-9343D9CB54CB" : [

    ],
    "CF1064AA-49F7-4917-9EB0-5A96E7D1DA98" : [

    ],
    "EFA93561-04AB-4694-BE18-5B95DFF15B9F" : [

    ]
  },
  "sceneCameraHistory" : {
    "147CF748-C43C-4C83-8DF1-BA92C8E7AAC9" : [
      {
        "date" : 753010238.923407,
        "title" : "Untitled",
        "transform" : [
          -0.05805639,
          -3.1115004e-08,
          0.9983133,
          0,
          0.47036985,
          0.88204527,
          0.0273541,
          0,
          -0.88055766,
          0.47116455,
          -0.051208142,
          0,
          -7.4497075,
          7.361124,
          -1.0589086,
          1
        ]
      },
      {
        "date" : 753010231.289305,
        "title" : "Untitled",
        "transform" : [
          -0.48238432,
          -2.3272118e-08,
          0.87595963,
          0,
          0.8724536,
          0.0893818,
          0.48045355,
          0,
          -0.07829505,
          0.9959974,
          -0.0431162,
          0,
          2.0941591,
          10.306616,
          0.440169,
          1
        ]
      },
      {
        "date" : 753010227.989141,
        "title" : "Untitled",
        "transform" : [
          0.16347988,
          -3.0537276e-08,
          0.98654664,
          0,
          0.914135,
          0.3760462,
          -0.15148063,
          0,
          -0.37098718,
          0.92660093,
          0.06147625,
          0,
          -1.1369402,
          10.455389,
          -0.44473562,
          1
        ]
      },
      {
        "date" : 753010216.666919,
        "title" : "Untitled",
        "transform" : [
          0.47256878,
          -6.713149e-08,
          -0.8812938,
          0,
          -0.25782192,
          0.9562503,
          -0.13824983,
          0,
          0.84273756,
          0.29254934,
          0.45189396,
          0,
          7.438568,
          5.779879,
          4.6974745,
          1
        ]
      },
      {
        "date" : 753010213.683587,
        "title" : "Untitled",
        "transform" : [
          0.951372,
          -6.833714e-08,
          0.30804408,
          0,
          0.12339325,
          0.9162662,
          -0.3810908,
          0,
          -0.28225031,
          0.40056968,
          0.8717102,
          0,
          -3.0747995,
          6.7506423,
          7.4686007,
          1
        ]
      },
      {
        "date" : 753010136.19081,
        "title" : "Untitled",
        "transform" : [
          0.970923,
          -6.8349365e-08,
          -0.239392,
          0,
          -0.23918585,
          0.04148322,
          -0.97008723,
          0,
          0.009930914,
          0.99913913,
          0.04027698,
          0,
          -1.2142649,
          10.196524,
          -2.3156075,
          1
        ]
      },
      {
        "date" : 753009230.512906,
        "title" : "Untitled",
        "transform" : [
          0.9709229,
          -6.834936e-08,
          -0.23939197,
          0,
          -0.23918585,
          0.04148322,
          -0.97008723,
          0,
          0.009930914,
          0.99913913,
          0.04027698,
          0,
          0.4896624,
          4.063067,
          -0.31488824,
          1
        ]
      },
      {
        "date" : 753009217.966828,
        "title" : "Untitled",
        "transform" : [
          0.70896363,
          -7.320054e-08,
          -0.705245,
          0,
          -0.2293063,
          0.94566447,
          -0.23051555,
          0,
          0.6669252,
          0.32514423,
          0.6704416,
          0,
          3.3423505,
          2.9267175,
          3.8507714,
          1
        ]
      },
      {
        "date" : 753009160.931498,
        "title" : "Untitled",
        "transform" : [
          0.9997508,
          -9.831004e-08,
          0.022321021,
          0,
          0.020904925,
          0.35051826,
          -0.93632257,
          0,
          -0.0078238025,
          0.9365559,
          0.3504309,
          0,
          0.8456204,
          4.346597,
          0.7812946,
          1
        ]
      },
      {
        "date" : 753009148.522485,
        "title" : "Untitled",
        "transform" : [
          0.8026131,
          -9.903443e-08,
          0.59650004,
          0,
          0.29901123,
          0.8652875,
          -0.40233064,
          0,
          -0.5161439,
          0.501276,
          0.6944911,
          0,
          -1.4467416,
          2.481928,
          2.5895574,
          1
        ]
      }
    ],
    "6613B4BE-F93D-42B0-8F22-045DB64D2315" : [
      {
        "date" : 753004976.319185,
        "title" : "Untitled",
        "transform" : [
          0.74131024,
          2.9095634e-08,
          -0.67116255,
          0,
          -0.49401402,
          0.67691934,
          -0.5456468,
          0,
          0.454323,
          0.73605734,
          0.5018072,
          0,
          1.1750154,
          1.903665,
          1.297824,
          1
        ]
      }
    ],
    "801BB739-7548-43D3-AD07-9343D9CB54CB" : [
      {
        "date" : 750072762.409224,
        "title" : "Untitled",
        "transform" : [
          0.9999772,
          -1.5296793e-11,
          0.006761803,
          0,
          0.003958802,
          0.8106973,
          -0.58545214,
          0,
          -0.0054817745,
          0.5854655,
          0.8106787,
          0,
          27.20671,
          79.82309,
          48.983795,
          1
        ]
      },
      {
        "date" : 750072760.550251,
        "title" : "Untitled",
        "transform" : [
          0.99997705,
          -1.5296792e-11,
          0.006761802,
          0,
          0.003958802,
          0.8106973,
          -0.58545214,
          0,
          -0.0054817745,
          0.5854655,
          0.8106787,
          0,
          27.900131,
          5.755404,
          -53.571297,
          1
        ]
      },
      {
        "date" : 750072755.242629,
        "title" : "Untitled",
        "transform" : [
          1,
          0,
          0,
          0,
          0,
          1,
          0,
          0,
          0,
          0,
          1,
          0,
          7.3019066,
          8.1087475,
          -10.61126,
          1
        ]
      },
      {
        "date" : 750072753.77414,
        "title" : "Untitled",
        "transform" : [
          1,
          0,
          0,
          0,
          0,
          1,
          0,
          0,
          0,
          0,
          1,
          0,
          4.9878964,
          6.0460925,
          -6.614689,
          1
        ]
      },
      {
        "date" : 750072746.716365,
        "title" : "Untitled",
        "transform" : [
          -0.3022127,
          3.8105417e-09,
          -0.95324045,
          0,
          0.9526597,
          0.03489976,
          -0.30202866,
          0,
          0.033267703,
          -0.9993908,
          -0.01054713,
          0,
          -272.27466,
          157.99042,
          -62.019257,
          1
        ]
      },
      {
        "date" : 750072743.142598,
        "title" : "Untitled",
        "transform" : [
          -0.3022127,
          3.8105417e-09,
          -0.95324045,
          0,
          0.9526597,
          0.03489976,
          -0.30202866,
          0,
          0.033267703,
          -0.9993908,
          -0.01054713,
          0,
          -272.35773,
          160.47917,
          -61.993042,
          1
        ]
      },
      {
        "date" : 750072736.749034,
        "title" : "Untitled",
        "transform" : [
          -0.30221266,
          3.810541e-09,
          -0.95324033,
          0,
          0.9526597,
          0.03489976,
          -0.30202866,
          0,
          0.033267703,
          -0.9993908,
          -0.01054713,
          0,
          -272.59558,
          167.60028,
          -61.918037,
          1
        ]
      },
      {
        "date" : 750072730.758491,
        "title" : "Untitled",
        "transform" : [
          0.8056728,
          -6.7419847e-09,
          0.59236085,
          0,
          0.101897016,
          0.9850937,
          -0.13859053,
          0,
          -0.583531,
          0.17201829,
          0.79366326,
          0,
          -247.02332,
          -225.0301,
          -15.541946,
          1
        ]
      },
      {
        "date" : 750072726.825375,
        "title" : "Untitled",
        "transform" : [
          0.8056728,
          -6.7419847e-09,
          0.59236085,
          0,
          0.101897016,
          0.9850937,
          -0.13859053,
          0,
          -0.583531,
          0.17201829,
          0.79366326,
          0,
          -244.57857,
          -225.75081,
          -18.867092,
          1
        ]
      },
      {
        "date" : 750069292.750072,
        "title" : "Untitled",
        "transform" : [
          0.8056728,
          -6.7419847e-09,
          0.59236085,
          0,
          0.101897016,
          0.9850937,
          -0.13859053,
          0,
          -0.583531,
          0.17201829,
          0.79366326,
          0,
          -147.01735,
          88.57554,
          109.75463,
          1
        ]
      }
    ],
    "CF1064AA-49F7-4917-9EB0-5A96E7D1DA98" : [
      {
        "date" : 752520177.126888,
        "title" : "Untitled",
        "transform" : [
          -0.9454899,
          -7.1808685e-08,
          -0.32565132,
          0,
          -0.32545295,
          0.03489954,
          0.9449139,
          0,
          0.011365014,
          0.9993908,
          -0.032997213,
          0,
          -0.66380054,
          8.382866,
          0.031129599,
          1
        ]
      },
      {
        "date" : 752520155.609138,
        "title" : "Untitled",
        "transform" : [
          -0.9454899,
          -7.1808685e-08,
          -0.32565132,
          0,
          -0.32545295,
          0.03489954,
          0.9449139,
          0,
          0.011365014,
          0.9993908,
          -0.032997213,
          0,
          0.044548683,
          8.326047,
          -1.4458058,
          1
        ]
      },
      {
        "date" : 752489769.008337,
        "title" : "Untitled",
        "transform" : [
          -0.9454899,
          -7.1808685e-08,
          -0.32565132,
          0,
          -0.32545295,
          0.03489954,
          0.9449139,
          0,
          0.011365014,
          0.9993908,
          -0.032997213,
          0,
          0.05453771,
          6.5393806,
          -0.17218868,
          1
        ]
      },
      {
        "date" : 752489764.209179,
        "title" : "Untitled",
        "transform" : [
          -0.94480354,
          -4.705707e-08,
          -0.32763737,
          0,
          -0.16375355,
          0.8661402,
          0.47221386,
          0,
          0.28377986,
          0.4998011,
          -0.8183323,
          0,
          1.8443207,
          3.3109226,
          -5.3322034,
          1
        ]
      },
      {
        "date" : 752489758.52637,
        "title" : "Untitled",
        "transform" : [
          -0.94480354,
          -4.705707e-08,
          -0.32763737,
          0,
          -0.16375355,
          0.8661402,
          0.47221386,
          0,
          0.28377986,
          0.4998011,
          -0.8183323,
          0,
          5.044174,
          9.055297,
          -14.583452,
          1
        ]
      },
      {
        "date" : 752489719.651957,
        "title" : "Untitled",
        "transform" : [
          -0.9448035,
          -5.578285e-08,
          -0.32763737,
          0,
          -0.32383868,
          0.15183496,
          0.9338494,
          0,
          0.04974676,
          0.9884059,
          -0.14345424,
          0,
          1.642569,
          4.9431443,
          0.89762306,
          1
        ]
      },
      {
        "date" : 752489716.660318,
        "title" : "Untitled",
        "transform" : [
          -0.8447771,
          -5.791031e-08,
          -0.5351183,
          0,
          -0.53479224,
          0.034899574,
          0.84426254,
          0,
          0.018675352,
          0.99939084,
          -0.029482394,
          0,
          1.5820531,
          5.0289187,
          1.4098319,
          1
        ]
      },
      {
        "date" : 751366429.691455,
        "title" : "Untitled",
        "transform" : [
          -0.8447771,
          -5.791031e-08,
          -0.5351183,
          0,
          -0.53479224,
          0.034899574,
          0.84426254,
          0,
          0.018675352,
          0.99939084,
          -0.029482394,
          0,
          1.486223,
          10.812494,
          0.7413812,
          1
        ]
      },
      {
        "date" : 751279081.767876,
        "title" : "Untitled",
        "transform" : [
          -0.94576013,
          -6.051411e-08,
          0.32486555,
          0,
          0.31879097,
          0.19247808,
          0.9280757,
          0,
          -0.06252956,
          0.98130125,
          -0.18203808,
          0,
          0.0484623,
          10.513777,
          -0.95346296,
          1
        ]
      },
      {
        "date" : 751274901.250472,
        "title" : "Untitled",
        "transform" : [
          -0.9457602,
          -2.8517961e-08,
          0.32486555,
          0,
          0.318791,
          0.19247809,
          0.9280756,
          0,
          -0.062529586,
          0.98130125,
          -0.18203813,
          0,
          0.22636718,
          9.711619,
          0.110078454,
          1
        ]
      }
    ],
    "EFA93561-04AB-4694-BE18-5B95DFF15B9F" : [
      {
        "date" : 750240377.009577,
        "title" : "Untitled",
        "transform" : [
          0.9593763,
          2.450205e-08,
          -0.28212973,
          0,
          -0.28195176,
          0.03551206,
          -0.9587711,
          0,
          0.010018989,
          0.99936926,
          0.03406944,
          0,
          1.20582,
          16.328861,
          0.4584644,
          1
        ]
      },
      {
        "date" : 750240356.478108,
        "title" : "Untitled",
        "transform" : [
          0.9593763,
          2.450205e-08,
          -0.28212973,
          0,
          -0.28195176,
          0.03551206,
          -0.9587711,
          0,
          0.010018989,
          0.99936926,
          0.03406944,
          0,
          4.7092357,
          58.034176,
          0.41671774,
          1
        ]
      },
      {
        "date" : 750077128.827354,
        "title" : "Untitled",
        "transform" : [
          0.9593763,
          2.450205e-08,
          -0.28212973,
          0,
          -0.28195176,
          0.03551206,
          -0.9587711,
          0,
          0.010018989,
          0.99936926,
          0.03406944,
          0,
          41.458927,
          130.69098,
          -24.162134,
          1
        ]
      },
      {
        "date" : 750077035.40913,
        "title" : "Untitled",
        "transform" : [
          0.9593763,
          2.450205e-08,
          -0.28212973,
          0,
          -0.28195176,
          0.03551206,
          -0.9587711,
          0,
          0.010018989,
          0.99936926,
          0.03406944,
          0,
          42.088783,
          51.10719,
          48.673325,
          1
        ]
      },
      {
        "date" : 750077024.65572,
        "title" : "Untitled",
        "transform" : [
          0.9593763,
          2.450205e-08,
          -0.28212973,
          0,
          -0.28195176,
          0.03551206,
          -0.9587711,
          0,
          0.010018989,
          0.99936926,
          0.03406944,
          0,
          41.597855,
          2.2342541,
          47.008087,
          1
        ]
      },
      {
        "date" : 750077022.090915,
        "title" : "Untitled",
        "transform" : [
          0.9593763,
          2.450205e-08,
          -0.28212973,
          0,
          -0.28195176,
          0.03551206,
          -0.9587711,
          0,
          0.010018989,
          0.99936926,
          0.03406944,
          0,
          21.346245,
          -1.3225231,
          133.75665,
          1
        ]
      },
      {
        "date" : 750076989.54177,
        "title" : "Untitled",
        "transform" : [
          0.95937634,
          2.5432527e-08,
          -0.28212973,
          0,
          -0.28195173,
          0.035512045,
          -0.9587712,
          0,
          0.010019105,
          0.9993692,
          0.034069456,
          0,
          -45.094093,
          12.367899,
          -70.73618,
          1
        ]
      },
      {
        "date" : 750076975.342417,
        "title" : "Untitled",
        "transform" : [
          0.99083,
          2.543267e-08,
          0.13511422,
          0,
          0.13503192,
          0.03489949,
          -0.99022645,
          0,
          -0.0047153407,
          0.9993908,
          0.03457954,
          0,
          -23.389328,
          107.90913,
          -49.93199,
          1
        ]
      },
      {
        "date" : 750076952.394187,
        "title" : "Untitled",
        "transform" : [
          0.99083,
          2.543267e-08,
          0.13511422,
          0,
          0.13503192,
          0.03489949,
          -0.99022645,
          0,
          -0.0047153407,
          0.9993908,
          0.03457954,
          0,
          -23.045328,
          35.04545,
          -52.452705,
          1
        ]
      },
      {
        "date" : 750076941.907528,
        "title" : "Untitled",
        "transform" : [
          0.99083,
          2.543267e-08,
          0.13511422,
          0,
          0.13503192,
          0.03489949,
          -0.99022645,
          0,
          -0.0047153407,
          0.9993908,
          0.03457954,
          0,
          -29.133911,
          19.932106,
          -61.171516,
          1
        ]
      }
    ],
    "FB03D807-8974-40F6-95FE-20829A068753" : [
      {
        "date" : 749979495.877153,
        "title" : "Untitled",
        "transform" : [
          1,
          0,
          0,
          0,
          0,
          0.7071069,
          -0.70710677,
          0,
          0,
          0.70710677,
          0.7071069,
          0,
          0,
          4.7333446,
          4.7333455,
          1
        ]
      }
    ]
  },
  "sceneViewportBackgroundColors" : {

  },
  "selectedSceneRelativePath" : "Scene.usda"
}