{
  "advancedEditorSelectedIdentifier" : "ProjectBrowser",
  "openSceneRelativePaths" : [
    "Scene.usda",
    "Untitled Scene.usda"
  ],
  "recentIdentifiers" : {
    "801BB739-7548-43D3-AD07-9343D9CB54CB" : [

    ],
    "CF1064AA-49F7-4917-9EB0-5A96E7D1DA98" : [

    ],
    "EFA93561-04AB-4694-BE18-5B95DFF15B9F" : [

    ]
  },
  "sceneCameraHistory" : {
    "801BB739-7548-43D3-AD07-9343D9CB54CB" : [
      {
        "date" : 750072762.409224,
        "title" : "Untitled",
        "transform" : [
          0.9999772,
          -1.5296793e-11,
          0.006761803,
          0,
          0.003958802,
          0.8106973,
          -0.58545214,
          0,
          -0.0054817745,
          0.5854655,
          0.8106787,
          0,
          27.20671,
          79.82309,
          48.983795,
          1
        ]
      },
      {
        "date" : 750072760.550251,
        "title" : "Untitled",
        "transform" : [
          0.99997705,
          -1.5296792e-11,
          0.006761802,
          0,
          0.003958802,
          0.8106973,
          -0.58545214,
          0,
          -0.0054817745,
          0.5854655,
          0.8106787,
          0,
          27.900131,
          5.755404,
          -53.571297,
          1
        ]
      },
      {
        "date" : 750072755.242629,
        "title" : "Untitled",
        "transform" : [
          1,
          0,
          0,
          0,
          0,
          1,
          0,
          0,
          0,
          0,
          1,
          0,
          7.3019066,
          8.1087475,
          -10.61126,
          1
        ]
      },
      {
        "date" : 750072753.77414,
        "title" : "Untitled",
        "transform" : [
          1,
          0,
          0,
          0,
          0,
          1,
          0,
          0,
          0,
          0,
          1,
          0,
          4.9878964,
          6.0460925,
          -6.614689,
          1
        ]
      },
      {
        "date" : 750072746.716365,
        "title" : "Untitled",
        "transform" : [
          -0.3022127,
          3.8105417e-09,
          -0.95324045,
          0,
          0.9526597,
          0.03489976,
          -0.30202866,
          0,
          0.033267703,
          -0.9993908,
          -0.01054713,
          0,
          -272.27466,
          157.99042,
          -62.019257,
          1
        ]
      },
      {
        "date" : 750072743.142598,
        "title" : "Untitled",
        "transform" : [
          -0.3022127,
          3.8105417e-09,
          -0.95324045,
          0,
          0.9526597,
          0.03489976,
          -0.30202866,
          0,
          0.033267703,
          -0.9993908,
          -0.01054713,
          0,
          -272.35773,
          160.47917,
          -61.993042,
          1
        ]
      },
      {
        "date" : 750072736.749034,
        "title" : "Untitled",
        "transform" : [
          -0.30221266,
          3.810541e-09,
          -0.95324033,
          0,
          0.9526597,
          0.03489976,
          -0.30202866,
          0,
          0.033267703,
          -0.9993908,
          -0.01054713,
          0,
          -272.59558,
          167.60028,
          -61.918037,
          1
        ]
      },
      {
        "date" : 750072730.758491,
        "title" : "Untitled",
        "transform" : [
          0.8056728,
          -6.7419847e-09,
          0.59236085,
          0,
          0.101897016,
          0.9850937,
          -0.13859053,
          0,
          -0.583531,
          0.17201829,
          0.79366326,
          0,
          -247.02332,
          -225.0301,
          -15.541946,
          1
        ]
      },
      {
        "date" : 750072726.825375,
        "title" : "Untitled",
        "transform" : [
          0.8056728,
          -6.7419847e-09,
          0.59236085,
          0,
          0.101897016,
          0.9850937,
          -0.13859053,
          0,
          -0.583531,
          0.17201829,
          0.79366326,
          0,
          -244.57857,
          -225.75081,
          -18.867092,
          1
        ]
      },
      {
        "date" : 750069292.750072,
        "title" : "Untitled",
        "transform" : [
          0.8056728,
          -6.7419847e-09,
          0.59236085,
          0,
          0.101897016,
          0.9850937,
          -0.13859053,
          0,
          -0.583531,
          0.17201829,
          0.79366326,
          0,
          -147.01735,
          88.57554,
          109.75463,
          1
        ]
      }
    ],
    "CF1064AA-49F7-4917-9EB0-5A96E7D1DA98" : [
      {
        "date" : 750073903.779887,
        "title" : "Untitled",
        "transform" : [
          0.019036036,
          -3.1167218e-08,
          0.99981874,
          0,
          0.99920976,
          0.034899518,
          -0.019024448,
          0,
          -0.03489321,
          0.9993908,
          0.0006643886,
          0,
          -5.835173,
          47.435642,
          1.472182,
          1
        ]
      },
      {
        "date" : 750073528.125258,
        "title" : "Untitled",
        "transform" : [
          0.019036006,
          3.335979e-08,
          0.99981874,
          0,
          0.99920976,
          0.034899544,
          -0.019024407,
          0,
          -0.034893256,
          0.99939084,
          0.000664295,
          0,
          -11.411112,
          77.007416,
          4.2182856,
          1
        ]
      },
      {
        "date" : 750073526.792489,
        "title" : "Untitled",
        "transform" : [
          0.022499004,
          3.335979e-08,
          0.99974686,
          0,
          0.9991379,
          0.034899544,
          -0.022485295,
          0,
          -0.034890745,
          0.99939084,
          0.00078515214,
          0,
          -6.459059,
          43.644836,
          2.4131486,
          1
        ]
      },
      {
        "date" : 750073518.985133,
        "title" : "Untitled",
        "transform" : [
          0.022499004,
          3.335979e-08,
          0.99974686,
          0,
          0.9991379,
          0.034899544,
          -0.022485295,
          0,
          -0.034890745,
          0.99939084,
          0.00078515214,
          0,
          -8.681492,
          58.66216,
          3.243465,
          1
        ]
      },
      {
        "date" : 750073516.168957,
        "title" : "Untitled",
        "transform" : [
          0.022499004,
          3.335979e-08,
          0.99974686,
          0,
          0.9991379,
          0.034899544,
          -0.022485295,
          0,
          -0.034890745,
          0.99939084,
          0.00078515214,
          0,
          -5.582343,
          37.72074,
          2.0856018,
          1
        ]
      },
      {
        "date" : 750073513.924371,
        "title" : "Untitled",
        "transform" : [
          0.019325873,
          3.335979e-08,
          0.99981326,
          0,
          0.9992042,
          0.034899544,
          -0.019314095,
          0,
          -0.034893062,
          0.99939084,
          0.00067441113,
          0,
          -7.6460495,
          51.604588,
          2.8289948,
          1
        ]
      },
      {
        "date" : 750073114.394857,
        "title" : "Untitled",
        "transform" : [
          0.019325873,
          3.335979e-08,
          0.99981326,
          0,
          0.9992042,
          0.034899544,
          -0.019314095,
          0,
          -0.034893062,
          0.99939084,
          0.00067441113,
          0,
          -41.81337,
          282.2061,
          15.470709,
          1
        ]
      },
      {
        "date" : 750071677.63952,
        "title" : "Untitled",
        "transform" : [
          0.019325873,
          3.335979e-08,
          0.99981326,
          0,
          0.9992042,
          0.034899544,
          -0.019314095,
          0,
          -0.034893062,
          0.99939084,
          0.00067441113,
          0,
          -50.332775,
          526.16284,
          15.634922,
          1
        ]
      },
      {
        "date" : 750069872.78637,
        "title" : "Untitled",
        "transform" : [
          0.019325873,
          3.335979e-08,
          0.99981326,
          0,
          0.9992042,
          0.034899365,
          -0.019314095,
          0,
          -0.034892883,
          0.99939084,
          0.0006744077,
          0,
          -2.5118642,
          145.47523,
          -45.53351,
          1
        ]
      },
      {
        "date" : 750069866.453694,
        "title" : "Untitled",
        "transform" : [
          0.024173738,
          3.6278987e-08,
          0.99970776,
          0,
          0.9986535,
          0.045913134,
          -0.024148218,
          0,
          -0.04589969,
          0.9989455,
          0.0011098448,
          0,
          -0.60084534,
          93.18344,
          -57.86315,
          1
        ]
      }
    ],
    "EFA93561-04AB-4694-BE18-5B95DFF15B9F" : [
      {
        "date" : 750077128.827354,
        "title" : "Untitled",
        "transform" : [
          0.9593763,
          2.450205e-08,
          -0.28212973,
          0,
          -0.28195176,
          0.03551206,
          -0.9587711,
          0,
          0.010018989,
          0.99936926,
          0.03406944,
          0,
          41.458927,
          130.69098,
          -24.162134,
          1
        ]
      },
      {
        "date" : 750077035.40913,
        "title" : "Untitled",
        "transform" : [
          0.9593763,
          2.450205e-08,
          -0.28212973,
          0,
          -0.28195176,
          0.03551206,
          -0.9587711,
          0,
          0.010018989,
          0.99936926,
          0.03406944,
          0,
          42.088783,
          51.10719,
          48.673325,
          1
        ]
      },
      {
        "date" : 750077024.65572,
        "title" : "Untitled",
        "transform" : [
          0.9593763,
          2.450205e-08,
          -0.28212973,
          0,
          -0.28195176,
          0.03551206,
          -0.9587711,
          0,
          0.010018989,
          0.99936926,
          0.03406944,
          0,
          41.597855,
          2.2342541,
          47.008087,
          1
        ]
      },
      {
        "date" : 750077022.090915,
        "title" : "Untitled",
        "transform" : [
          0.9593763,
          2.450205e-08,
          -0.28212973,
          0,
          -0.28195176,
          0.03551206,
          -0.9587711,
          0,
          0.010018989,
          0.99936926,
          0.03406944,
          0,
          21.346245,
          -1.3225231,
          133.75665,
          1
        ]
      },
      {
        "date" : 750076989.54177,
        "title" : "Untitled",
        "transform" : [
          0.95937634,
          2.5432527e-08,
          -0.28212973,
          0,
          -0.28195173,
          0.035512045,
          -0.9587712,
          0,
          0.010019105,
          0.9993692,
          0.034069456,
          0,
          -45.094093,
          12.367899,
          -70.73618,
          1
        ]
      },
      {
        "date" : 750076975.342417,
        "title" : "Untitled",
        "transform" : [
          0.99083,
          2.543267e-08,
          0.13511422,
          0,
          0.13503192,
          0.03489949,
          -0.99022645,
          0,
          -0.0047153407,
          0.9993908,
          0.03457954,
          0,
          -23.389328,
          107.90913,
          -49.93199,
          1
        ]
      },
      {
        "date" : 750076952.394187,
        "title" : "Untitled",
        "transform" : [
          0.99083,
          2.543267e-08,
          0.13511422,
          0,
          0.13503192,
          0.03489949,
          -0.99022645,
          0,
          -0.0047153407,
          0.9993908,
          0.03457954,
          0,
          -23.045328,
          35.04545,
          -52.452705,
          1
        ]
      },
      {
        "date" : 750076941.907528,
        "title" : "Untitled",
        "transform" : [
          0.99083,
          2.543267e-08,
          0.13511422,
          0,
          0.13503192,
          0.03489949,
          -0.99022645,
          0,
          -0.0047153407,
          0.9993908,
          0.03457954,
          0,
          -29.133911,
          19.932106,
          -61.171516,
          1
        ]
      },
      {
        "date" : 750076937.907874,
        "title" : "Untitled",
        "transform" : [
          0.99083,
          2.543267e-08,
          0.13511422,
          0,
          0.13503192,
          0.03489949,
          -0.99022645,
          0,
          -0.0047153407,
          0.9993908,
          0.03457954,
          0,
          9.396801,
          53.639458,
          -26.902098,
          1
        ]
      },
      {
        "date" : 750076314.367408,
        "title" : "Untitled",
        "transform" : [
          0.99083,
          2.543267e-08,
          0.13511422,
          0,
          0.13503192,
          0.03489949,
          -0.99022645,
          0,
          -0.0047153407,
          0.9993908,
          0.03457954,
          0,
          82.68319,
          197.37506,
          46.158005,
          1
        ]
      }
    ],
    "FB03D807-8974-40F6-95FE-20829A068753" : [
      {
        "date" : 749979495.877153,
        "title" : "Untitled",
        "transform" : [
          1,
          0,
          0,
          0,
          0,
          0.7071069,
          -0.70710677,
          0,
          0,
          0.70710677,
          0.7071069,
          0,
          0,
          4.7333446,
          4.7333455,
          1
        ]
      }
    ]
  },
  "sceneViewportBackgroundColors" : {

  },
  "selectedSceneRelativePath" : "Untitled Scene.usda"
}