{
  "advancedEditorSelectedIdentifier" : "ProjectBrowser",
  "openSceneRelativePaths" : [
    "Scene.usda"
  ],
  "recentIdentifiers" : {
    "801BB739-7548-43D3-AD07-9343D9CB54CB" : [

    ],
    "CF1064AA-49F7-4917-9EB0-5A96E7D1DA98" : [

    ],
    "EFA93561-04AB-4694-BE18-5B95DFF15B9F" : [

    ]
  },
  "sceneCameraHistory" : {
    "801BB739-7548-43D3-AD07-9343D9CB54CB" : [
      {
        "date" : 750072762.409224,
        "title" : "Untitled",
        "transform" : [
          0.9999772,
          -1.5296793e-11,
          0.006761803,
          0,
          0.003958802,
          0.8106973,
          -0.58545214,
          0,
          -0.0054817745,
          0.5854655,
          0.8106787,
          0,
          27.20671,
          79.82309,
          48.983795,
          1
        ]
      },
      {
        "date" : 750072760.550251,
        "title" : "Untitled",
        "transform" : [
          0.99997705,
          -1.5296792e-11,
          0.006761802,
          0,
          0.003958802,
          0.8106973,
          -0.58545214,
          0,
          -0.0054817745,
          0.5854655,
          0.8106787,
          0,
          27.900131,
          5.755404,
          -53.571297,
          1
        ]
      },
      {
        "date" : 750072755.242629,
        "title" : "Untitled",
        "transform" : [
          1,
          0,
          0,
          0,
          0,
          1,
          0,
          0,
          0,
          0,
          1,
          0,
          7.3019066,
          8.1087475,
          -10.61126,
          1
        ]
      },
      {
        "date" : 750072753.77414,
        "title" : "Untitled",
        "transform" : [
          1,
          0,
          0,
          0,
          0,
          1,
          0,
          0,
          0,
          0,
          1,
          0,
          4.9878964,
          6.0460925,
          -6.614689,
          1
        ]
      },
      {
        "date" : 750072746.716365,
        "title" : "Untitled",
        "transform" : [
          -0.3022127,
          3.8105417e-09,
          -0.95324045,
          0,
          0.9526597,
          0.03489976,
          -0.30202866,
          0,
          0.033267703,
          -0.9993908,
          -0.01054713,
          0,
          -272.27466,
          157.99042,
          -62.019257,
          1
        ]
      },
      {
        "date" : 750072743.142598,
        "title" : "Untitled",
        "transform" : [
          -0.3022127,
          3.8105417e-09,
          -0.95324045,
          0,
          0.9526597,
          0.03489976,
          -0.30202866,
          0,
          0.033267703,
          -0.9993908,
          -0.01054713,
          0,
          -272.35773,
          160.47917,
          -61.993042,
          1
        ]
      },
      {
        "date" : 750072736.749034,
        "title" : "Untitled",
        "transform" : [
          -0.30221266,
          3.810541e-09,
          -0.95324033,
          0,
          0.9526597,
          0.03489976,
          -0.30202866,
          0,
          0.033267703,
          -0.9993908,
          -0.01054713,
          0,
          -272.59558,
          167.60028,
          -61.918037,
          1
        ]
      },
      {
        "date" : 750072730.758491,
        "title" : "Untitled",
        "transform" : [
          0.8056728,
          -6.7419847e-09,
          0.59236085,
          0,
          0.101897016,
          0.9850937,
          -0.13859053,
          0,
          -0.583531,
          0.17201829,
          0.79366326,
          0,
          -247.02332,
          -225.0301,
          -15.541946,
          1
        ]
      },
      {
        "date" : 750072726.825375,
        "title" : "Untitled",
        "transform" : [
          0.8056728,
          -6.7419847e-09,
          0.59236085,
          0,
          0.101897016,
          0.9850937,
          -0.13859053,
          0,
          -0.583531,
          0.17201829,
          0.79366326,
          0,
          -244.57857,
          -225.75081,
          -18.867092,
          1
        ]
      },
      {
        "date" : 750069292.750072,
        "title" : "Untitled",
        "transform" : [
          0.8056728,
          -6.7419847e-09,
          0.59236085,
          0,
          0.101897016,
          0.9850937,
          -0.13859053,
          0,
          -0.583531,
          0.17201829,
          0.79366326,
          0,
          -147.01735,
          88.57554,
          109.75463,
          1
        ]
      }
    ],
    "CF1064AA-49F7-4917-9EB0-5A96E7D1DA98" : [
      {
        "date" : 750672027.478229,
        "title" : "Untitled",
        "transform" : [
          -0.88671577,
          -2.7721256e-08,
          0.46231526,
          0,
          0.23772532,
          0.8576667,
          0.45595452,
          0,
          -0.39651242,
          0.51420605,
          -0.76050645,
          0,
          -4.822328,
          4.1105633,
          -7.5433893,
          1
        ]
      },
      {
        "date" : 750593147.889089,
        "title" : "Untitled",
        "transform" : [
          -0.99923086,
          -3.4401836e-08,
          0.039215095,
          0,
          0.033507966,
          0.5195067,
          0.8538091,
          0,
          -0.020372534,
          0.8544664,
          -0.5191071,
          0,
          -0.29084107,
          8.775905,
          -6.5867963,
          1
        ]
      },
      {
        "date" : 750593144.13168,
        "title" : "Untitled",
        "transform" : [
          -0.99923086,
          -3.464124e-08,
          0.039215103,
          0,
          0.03350797,
          0.5195067,
          0.8538091,
          0,
          -0.020372538,
          0.8544664,
          -0.5191071,
          0,
          -0.29084098,
          8.775907,
          -6.5867968,
          1
        ]
      },
      {
        "date" : 750591310.670898,
        "title" : "Untitled",
        "transform" : [
          -0.9992308,
          -3.8723645e-08,
          0.039215103,
          0,
          0.03350803,
          0.51950663,
          0.8538092,
          0,
          -0.02037257,
          0.85446644,
          -0.51910704,
          0,
          0.81784046,
          7.000783,
          -3.0234919,
          1
        ]
      }
    ],
    "EFA93561-04AB-4694-BE18-5B95DFF15B9F" : [
      {
        "date" : 750590298.229405,
        "title" : "Untitled",
        "transform" : [
          -0.99949,
          -3.8604238e-08,
          -0.031932242,
          0,
          -0.015525287,
          0.87385,
          0.48594764,
          0,
          0.02790394,
          0.48619565,
          -0.8734044,
          0,
          1.1623471,
          4.3600874,
          -6.019962,
          1
        ]
      },
      {
        "date" : 750587887.554052,
        "title" : "Untitled",
        "transform" : [
          -0.7387822,
          -3.789753e-08,
          -0.67394423,
          0,
          -0.5304377,
          0.61687034,
          0.5814695,
          0,
          0.4157361,
          0.78706473,
          -0.45573282,
          0,
          3.3372414,
          6.366867,
          -2.2197256,
          1
        ]
      },
      {
        "date" : 750587875.598849,
        "title" : "Untitled",
        "transform" : [
          -0.96154624,
          -3.4753338e-08,
          0.27464312,
          0,
          0.23855023,
          0.49554446,
          0.8351823,
          0,
          -0.13609791,
          0.86858255,
          -0.47648883,
          0,
          1.7606323,
          6.581944,
          -1.7607458,
          1
        ]
      },
      {
        "date" : 750584239.895641,
        "title" : "Untitled",
        "transform" : [
          0.09402877,
          -3.3096725e-08,
          0.9955695,
          0,
          0.79940957,
          0.5960234,
          -0.075501986,
          0,
          -0.5933827,
          0.8029672,
          0.05604337,
          0,
          -5.406604,
          6.01023,
          0.7054491,
          1
        ]
      },
      {
        "date" : 750584220.897716,
        "title" : "Untitled",
        "transform" : [
          0.14404619,
          -3.40631e-08,
          0.9895709,
          0,
          0.94699806,
          0.29015926,
          -0.13784909,
          0,
          -0.28713316,
          0.9569784,
          0.04179638,
          0,
          -3.282088,
          7.802417,
          0.7122655,
          1
        ]
      },
      {
        "date" : 750584195.698251,
        "title" : "Untitled",
        "transform" : [
          -0.99923086,
          -3.464124e-08,
          0.039215103,
          0,
          0.03350797,
          0.5195067,
          0.8538091,
          0,
          -0.020372538,
          0.8544664,
          -0.5191071,
          0,
          -0.2740605,
          3.5347972,
          0.113735646,
          1
        ]
      }
    ],
    "EFA93561-04AB-4694-BE18-5B95DFF15B9F" : [
      {
        "date" : 750240377.009577,
        "title" : "Untitled",
        "transform" : [
          0.9593763,
          2.450205e-08,
          -0.28212973,
          0,
          -0.28195176,
          0.03551206,
          -0.9587711,
          0,
          0.010018989,
          0.99936926,
          0.03406944,
          0,
          1.20582,
          16.328861,
          0.4584644,
          1
        ]
      },
      {
        "date" : 750240356.478108,
        "title" : "Untitled",
        "transform" : [
          0.9593763,
          2.450205e-08,
          -0.28212973,
          0,
          -0.28195176,
          0.03551206,
          -0.9587711,
          0,
          0.010018989,
          0.99936926,
          0.03406944,
          0,
          4.7092357,
          58.034176,
          0.41671774,
          1
        ]
      },
      {
        "date" : 750077128.827354,
        "title" : "Untitled",
        "transform" : [
          0.9593763,
          2.450205e-08,
          -0.28212973,
          0,
          -0.28195176,
          0.03551206,
          -0.9587711,
          0,
          0.010018989,
          0.99936926,
          0.03406944,
          0,
          41.458927,
          130.69098,
          -24.162134,
          1
        ]
      },
      {
        "date" : 750077035.40913,
        "title" : "Untitled",
        "transform" : [
          0.9593763,
          2.450205e-08,
          -0.28212973,
          0,
          -0.28195176,
          0.03551206,
          -0.9587711,
          0,
          0.010018989,
          0.99936926,
          0.03406944,
          0,
          42.088783,
          51.10719,
          48.673325,
          1
        ]
      },
      {
        "date" : 750077024.65572,
        "title" : "Untitled",
        "transform" : [
          0.9593763,
          2.450205e-08,
          -0.28212973,
          0,
          -0.28195176,
          0.03551206,
          -0.9587711,
          0,
          0.010018989,
          0.99936926,
          0.03406944,
          0,
          41.597855,
          2.2342541,
          47.008087,
          1
        ]
      },
      {
        "date" : 750077022.090915,
        "title" : "Untitled",
        "transform" : [
          0.9593763,
          2.450205e-08,
          -0.28212973,
          0,
          -0.28195176,
          0.03551206,
          -0.9587711,
          0,
          0.010018989,
          0.99936926,
          0.03406944,
          0,
          21.346245,
          -1.3225231,
          133.75665,
          1
        ]
      },
      {
        "date" : 750076989.54177,
        "title" : "Untitled",
        "transform" : [
          0.95937634,
          2.5432527e-08,
          -0.28212973,
          0,
          -0.28195173,
          0.035512045,
          -0.9587712,
          0,
          0.010019105,
          0.9993692,
          0.034069456,
          0,
          -45.094093,
          12.367899,
          -70.73618,
          1
        ]
      },
      {
        "date" : 750076975.342417,
        "title" : "Untitled",
        "transform" : [
          0.99083,
          2.543267e-08,
          0.13511422,
          0,
          0.13503192,
          0.03489949,
          -0.99022645,
          0,
          -0.0047153407,
          0.9993908,
          0.03457954,
          0,
          -23.389328,
          107.90913,
          -49.93199,
          1
        ]
      },
      {
        "date" : 750076952.394187,
        "title" : "Untitled",
        "transform" : [
          0.99083,
          2.543267e-08,
          0.13511422,
          0,
          0.13503192,
          0.03489949,
          -0.99022645,
          0,
          -0.0047153407,
          0.9993908,
          0.03457954,
          0,
          -23.045328,
          35.04545,
          -52.452705,
          1
        ]
      },
      {
        "date" : 750076941.907528,
        "title" : "Untitled",
        "transform" : [
          0.99083,
          2.543267e-08,
          0.13511422,
          0,
          0.13503192,
          0.03489949,
          -0.99022645,
          0,
          -0.0047153407,
          0.9993908,
          0.03457954,
          0,
          -29.133911,
          19.932106,
          -61.171516,
          1
        ]
      }
    ],
    "FB03D807-8974-40F6-95FE-20829A068753" : [
      {
        "date" : 749979495.877153,
        "title" : "Untitled",
        "transform" : [
          1,
          0,
          0,
          0,
          0,
          0.7071069,
          -0.70710677,
          0,
          0,
          0.70710677,
          0.7071069,
          0,
          0,
          4.7333446,
          4.7333455,
          1
        ]
      }
    ]
  },
  "sceneViewportBackgroundColors" : {

  },
  "selectedSceneRelativePath" : "Scene.usda"
}