{
  "advancedEditorSelectedIdentifier" : "ProjectBrowser",
  "openSceneRelativePaths" : [
    "Test2.usda",
    "ADA.usda"
  ],
  "recentIdentifiers" : {
    "147CF748-C43C-4C83-8DF1-BA92C8E7AAC9" : [

    ],
    "7F040A12-17A2-4BA2-8446-0E2828B689FA" : [

    ],
    "801BB739-7548-43D3-AD07-9343D9CB54CB" : [

    ],
    "CF1064AA-49F7-4917-9EB0-5A96E7D1DA98" : [

    ],
    "EFA93561-04AB-4694-BE18-5B95DFF15B9F" : [

    ]
  },
  "sceneCameraHistory" : {
    "147CF748-C43C-4C83-8DF1-BA92C8E7AAC9" : [
      {
        "date" : 753010238.923407,
        "title" : "Untitled",
        "transform" : [
          -0.05805639,
          -3.1115004e-08,
          0.9983133,
          0,
          0.47036985,
          0.88204527,
          0.0273541,
          0,
          -0.88055766,
          0.47116455,
          -0.051208142,
          0,
          -7.4497075,
          7.361124,
          -1.0589086,
          1
        ]
      },
      {
        "date" : 753010231.289305,
        "title" : "Untitled",
        "transform" : [
          -0.48238432,
          -2.3272118e-08,
          0.87595963,
          0,
          0.8724536,
          0.0893818,
          0.48045355,
          0,
          -0.07829505,
          0.9959974,
          -0.0431162,
          0,
          2.0941591,
          10.306616,
          0.440169,
          1
        ]
      },
      {
        "date" : 753010227.989141,
        "title" : "Untitled",
        "transform" : [
          0.16347988,
          -3.0537276e-08,
          0.98654664,
          0,
          0.914135,
          0.3760462,
          -0.15148063,
          0,
          -0.37098718,
          0.92660093,
          0.06147625,
          0,
          -1.1369402,
          10.455389,
          -0.44473562,
          1
        ]
      },
      {
        "date" : 753010216.666919,
        "title" : "Untitled",
        "transform" : [
          0.47256878,
          -6.713149e-08,
          -0.8812938,
          0,
          -0.25782192,
          0.9562503,
          -0.13824983,
          0,
          0.84273756,
          0.29254934,
          0.45189396,
          0,
          7.438568,
          5.779879,
          4.6974745,
          1
        ]
      },
      {
        "date" : 753010213.683587,
        "title" : "Untitled",
        "transform" : [
          0.951372,
          -6.833714e-08,
          0.30804408,
          0,
          0.12339325,
          0.9162662,
          -0.3810908,
          0,
          -0.28225031,
          0.40056968,
          0.8717102,
          0,
          -3.0747995,
          6.7506423,
          7.4686007,
          1
        ]
      },
      {
        "date" : 753010136.19081,
        "title" : "Untitled",
        "transform" : [
          0.970923,
          -6.8349365e-08,
          -0.239392,
          0,
          -0.23918585,
          0.04148322,
          -0.97008723,
          0,
          0.009930914,
          0.99913913,
          0.04027698,
          0,
          -1.2142649,
          10.196524,
          -2.3156075,
          1
        ]
      },
      {
        "date" : 753009230.512906,
        "title" : "Untitled",
        "transform" : [
          0.9709229,
          -6.834936e-08,
          -0.23939197,
          0,
          -0.23918585,
          0.04148322,
          -0.97008723,
          0,
          0.009930914,
          0.99913913,
          0.04027698,
          0,
          0.4896624,
          4.063067,
          -0.31488824,
          1
        ]
      },
      {
        "date" : 753009217.966828,
        "title" : "Untitled",
        "transform" : [
          0.70896363,
          -7.320054e-08,
          -0.705245,
          0,
          -0.2293063,
          0.94566447,
          -0.23051555,
          0,
          0.6669252,
          0.32514423,
          0.6704416,
          0,
          3.3423505,
          2.9267175,
          3.8507714,
          1
        ]
      },
      {
        "date" : 753009160.931498,
        "title" : "Untitled",
        "transform" : [
          0.9997508,
          -9.831004e-08,
          0.022321021,
          0,
          0.020904925,
          0.35051826,
          -0.93632257,
          0,
          -0.0078238025,
          0.9365559,
          0.3504309,
          0,
          0.8456204,
          4.346597,
          0.7812946,
          1
        ]
      },
      {
        "date" : 753009148.522485,
        "title" : "Untitled",
        "transform" : [
          0.8026131,
          -9.903443e-08,
          0.59650004,
          0,
          0.29901123,
          0.8652875,
          -0.40233064,
          0,
          -0.5161439,
          0.501276,
          0.6944911,
          0,
          -1.4467416,
          2.481928,
          2.5895574,
          1
        ]
      }
    ],
    "6613B4BE-F93D-42B0-8F22-045DB64D2315" : [
      {
        "date" : 753872259.137238,
        "title" : "Untitled",
        "transform" : [
          0.008289702,
          3.161103e-08,
          -0.9999656,
          0,
          -0.53190947,
          0.84678984,
          -0.004409537,
          0,
          0.84676063,
          0.5319277,
          0.0070195207,
          0,
          7.2578225,
          4.5593004,
          0.060166813,
          1
        ]
      },
      {
        "date" : 753790972.193173,
        "title" : "Untitled",
        "transform" : [
          0.023987096,
          3.1760518e-08,
          -0.9997123,
          0,
          0.04144865,
          0.9991402,
          0.0009945093,
          0,
          0.9988527,
          -0.041460544,
          0.023966338,
          0,
          8.561445,
          -0.35537055,
          0.20542271,
          1
        ]
      },
      {
        "date" : 753790845.551897,
        "title" : "Untitled",
        "transform" : [
          0.03508139,
          3.171581e-08,
          -0.99938446,
          0,
          0.0050495365,
          0.9999873,
          0.0001772443,
          0,
          0.9993717,
          -0.0050526117,
          0.035080846,
          0,
          8.565895,
          -0.043308005,
          0.30068815,
          1
        ]
      },
      {
        "date" : 753790841.2634,
        "title" : "Untitled",
        "transform" : [
          0.74131024,
          2.9095634e-08,
          -0.67116255,
          0,
          -0.49401402,
          0.67691934,
          -0.5456468,
          0,
          0.45432293,
          0.7360573,
          0.50180715,
          0,
          3.8941293,
          6.3089533,
          4.3011303,
          1
        ]
      },
      {
        "date" : 753004976.319185,
        "title" : "Untitled",
        "transform" : [
          0.74131024,
          2.9095634e-08,
          -0.67116255,
          0,
          -0.49401402,
          0.67691934,
          -0.5456468,
          0,
          0.454323,
          0.73605734,
          0.5018072,
          0,
          1.1750154,
          1.903665,
          1.297824,
          1
        ]
      }
    ],
    "7F040A12-17A2-4BA2-8446-0E2828B689FA" : [
      {
        "date" : 753884179.540597,
        "title" : "Untitled",
        "transform" : [
          -0.96886045,
          -1.2399189e-08,
          -0.24760737,
          0,
          -0.2474566,
          0.034900244,
          0.96827024,
          0,
          0.008641256,
          0.99939084,
          -0.03381287,
          0,
          -1.8909464,
          6.5897675,
          -0.8286344,
          1
        ]
      },
      {
        "date" : 753882983.05798,
        "title" : "Untitled",
        "transform" : [
          -0.96886045,
          -1.2399189e-08,
          -0.24760737,
          0,
          -0.2474566,
          0.034900244,
          0.96827024,
          0,
          0.008641256,
          0.99939084,
          -0.03381287,
          0,
          -1.9286758,
          2.2266574,
          -0.6810129,
          1
        ]
      },
      {
        "date" : 753882978.688433,
        "title" : "Untitled",
        "transform" : [
          -0.96886045,
          -1.2399189e-08,
          -0.24760737,
          0,
          -0.2474566,
          0.034900244,
          0.96827024,
          0,
          0.008641256,
          0.99939084,
          -0.03381287,
          0,
          -1.9289143,
          2.1990848,
          -0.68007994,
          1
        ]
      },
      {
        "date" : 753882972.096046,
        "title" : "Untitled",
        "transform" : [
          -0.96886045,
          -1.2399189e-08,
          -0.24760737,
          0,
          -0.2474566,
          0.034900244,
          0.96827024,
          0,
          0.008641256,
          0.99939084,
          -0.03381287,
          0,
          -1.5883297,
          2.207778,
          -0.3360951,
          1
        ]
      },
      {
        "date" : 753882962.077761,
        "title" : "Untitled",
        "transform" : [
          -0.96886045,
          -1.2399189e-08,
          -0.24760737,
          0,
          -0.2474566,
          0.034900244,
          0.96827024,
          0,
          0.008641256,
          0.99939084,
          -0.03381287,
          0,
          -1.6527053,
          2.2012572,
          -0.54526997,
          1
        ]
      },
      {
        "date" : 753882944.866734,
        "title" : "Untitled",
        "transform" : [
          -0.96886045,
          -1.2399189e-08,
          -0.24760737,
          0,
          -0.2474566,
          0.034900244,
          0.96827024,
          0,
          0.008641256,
          0.99939084,
          -0.03381287,
          0,
          -1.2906582,
          2.2260695,
          0.28061005,
          1
        ]
      },
      {
        "date" : 753880106.16525,
        "title" : "Untitled",
        "transform" : [
          -0.96886057,
          -1.2399191e-08,
          -0.2476074,
          0,
          -0.2474566,
          0.034900244,
          0.96827024,
          0,
          0.008641256,
          0.99939084,
          -0.03381287,
          0,
          -0.093778454,
          8.578296,
          -2.8196888,
          1
        ]
      },
      {
        "date" : 753880062.781343,
        "title" : "Untitled",
        "transform" : [
          -0.9622803,
          -1.29693944e-08,
          -0.27206004,
          0,
          -0.1676016,
          0.7877101,
          0.59280914,
          0,
          0.21430421,
          0.61604667,
          -0.7579975,
          0,
          1.5017555,
          3.4431286,
          -8.211953,
          1
        ]
      },
      {
        "date" : 753880059.781096,
        "title" : "Untitled",
        "transform" : [
          -0.9875997,
          5.152376e-09,
          -0.15699309,
          0,
          -0.1568975,
          0.034900166,
          0.986998,
          0,
          0.0054788766,
          0.99939084,
          -0.034466818,
          0,
          0.3096274,
          5.69752,
          -4.120323,
          1
        ]
      },
      {
        "date" : 753880057.797648,
        "title" : "Untitled",
        "transform" : [
          -0.9875997,
          5.152376e-09,
          -0.15699309,
          0,
          -0.1568975,
          0.034900166,
          0.986998,
          0,
          0.0054788766,
          0.99939084,
          -0.034466818,
          0,
          0.35291904,
          11.119327,
          -4.391916,
          1
        ]
      }
    ],
    "801BB739-7548-43D3-AD07-9343D9CB54CB" : [
      {
        "date" : 750072762.409224,
        "title" : "Untitled",
        "transform" : [
          0.9999772,
          -1.5296793e-11,
          0.006761803,
          0,
          0.003958802,
          0.8106973,
          -0.58545214,
          0,
          -0.0054817745,
          0.5854655,
          0.8106787,
          0,
          27.20671,
          79.82309,
          48.983795,
          1
        ]
      },
      {
        "date" : 750072760.550251,
        "title" : "Untitled",
        "transform" : [
          0.99997705,
          -1.5296792e-11,
          0.006761802,
          0,
          0.003958802,
          0.8106973,
          -0.58545214,
          0,
          -0.0054817745,
          0.5854655,
          0.8106787,
          0,
          27.900131,
          5.755404,
          -53.571297,
          1
        ]
      },
      {
        "date" : 750072755.242629,
        "title" : "Untitled",
        "transform" : [
          1,
          0,
          0,
          0,
          0,
          1,
          0,
          0,
          0,
          0,
          1,
          0,
          7.3019066,
          8.1087475,
          -10.61126,
          1
        ]
      },
      {
        "date" : 750072753.77414,
        "title" : "Untitled",
        "transform" : [
          1,
          0,
          0,
          0,
          0,
          1,
          0,
          0,
          0,
          0,
          1,
          0,
          4.9878964,
          6.0460925,
          -6.614689,
          1
        ]
      },
      {
        "date" : 750072746.716365,
        "title" : "Untitled",
        "transform" : [
          -0.3022127,
          3.8105417e-09,
          -0.95324045,
          0,
          0.9526597,
          0.03489976,
          -0.30202866,
          0,
          0.033267703,
          -0.9993908,
          -0.01054713,
          0,
          -272.27466,
          157.99042,
          -62.019257,
          1
        ]
      },
      {
        "date" : 750072743.142598,
        "title" : "Untitled",
        "transform" : [
          -0.3022127,
          3.8105417e-09,
          -0.95324045,
          0,
          0.9526597,
          0.03489976,
          -0.30202866,
          0,
          0.033267703,
          -0.9993908,
          -0.01054713,
          0,
          -272.35773,
          160.47917,
          -61.993042,
          1
        ]
      },
      {
        "date" : 750072736.749034,
        "title" : "Untitled",
        "transform" : [
          -0.30221266,
          3.810541e-09,
          -0.95324033,
          0,
          0.9526597,
          0.03489976,
          -0.30202866,
          0,
          0.033267703,
          -0.9993908,
          -0.01054713,
          0,
          -272.59558,
          167.60028,
          -61.918037,
          1
        ]
      },
      {
        "date" : 750072730.758491,
        "title" : "Untitled",
        "transform" : [
          0.8056728,
          -6.7419847e-09,
          0.59236085,
          0,
          0.101897016,
          0.9850937,
          -0.13859053,
          0,
          -0.583531,
          0.17201829,
          0.79366326,
          0,
          -247.02332,
          -225.0301,
          -15.541946,
          1
        ]
      },
      {
        "date" : 750072726.825375,
        "title" : "Untitled",
        "transform" : [
          0.8056728,
          -6.7419847e-09,
          0.59236085,
          0,
          0.101897016,
          0.9850937,
          -0.13859053,
          0,
          -0.583531,
          0.17201829,
          0.79366326,
          0,
          -244.57857,
          -225.75081,
          -18.867092,
          1
        ]
      },
      {
        "date" : 750069292.750072,
        "title" : "Untitled",
        "transform" : [
          0.8056728,
          -6.7419847e-09,
          0.59236085,
          0,
          0.101897016,
          0.9850937,
          -0.13859053,
          0,
          -0.583531,
          0.17201829,
          0.79366326,
          0,
          -147.01735,
          88.57554,
          109.75463,
          1
        ]
      }
    ],
    "CF1064AA-49F7-4917-9EB0-5A96E7D1DA98" : [
      {
        "date" : 752520177.126888,
        "title" : "Untitled",
        "transform" : [
          -0.9454899,
          -7.1808685e-08,
          -0.32565132,
          0,
          -0.32545295,
          0.03489954,
          0.9449139,
          0,
          0.011365014,
          0.9993908,
          -0.032997213,
          0,
          -0.66380054,
          8.382866,
          0.031129599,
          1
        ]
      },
      {
        "date" : 752520155.609138,
        "title" : "Untitled",
        "transform" : [
          -0.9454899,
          -7.1808685e-08,
          -0.32565132,
          0,
          -0.32545295,
          0.03489954,
          0.9449139,
          0,
          0.011365014,
          0.9993908,
          -0.032997213,
          0,
          0.044548683,
          8.326047,
          -1.4458058,
          1
        ]
      },
      {
        "date" : 752489769.008337,
        "title" : "Untitled",
        "transform" : [
          -0.9454899,
          -7.1808685e-08,
          -0.32565132,
          0,
          -0.32545295,
          0.03489954,
          0.9449139,
          0,
          0.011365014,
          0.9993908,
          -0.032997213,
          0,
          0.05453771,
          6.5393806,
          -0.17218868,
          1
        ]
      },
      {
        "date" : 752489764.209179,
        "title" : "Untitled",
        "transform" : [
          -0.94480354,
          -4.705707e-08,
          -0.32763737,
          0,
          -0.16375355,
          0.8661402,
          0.47221386,
          0,
          0.28377986,
          0.4998011,
          -0.8183323,
          0,
          1.8443207,
          3.3109226,
          -5.3322034,
          1
        ]
      },
      {
        "date" : 752489758.52637,
        "title" : "Untitled",
        "transform" : [
          -0.94480354,
          -4.705707e-08,
          -0.32763737,
          0,
          -0.16375355,
          0.8661402,
          0.47221386,
          0,
          0.28377986,
          0.4998011,
          -0.8183323,
          0,
          5.044174,
          9.055297,
          -14.583452,
          1
        ]
      },
      {
        "date" : 752489719.651957,
        "title" : "Untitled",
        "transform" : [
          -0.9448035,
          -5.578285e-08,
          -0.32763737,
          0,
          -0.32383868,
          0.15183496,
          0.9338494,
          0,
          0.04974676,
          0.9884059,
          -0.14345424,
          0,
          1.642569,
          4.9431443,
          0.89762306,
          1
        ]
      },
      {
        "date" : 752489716.660318,
        "title" : "Untitled",
        "transform" : [
          -0.8447771,
          -5.791031e-08,
          -0.5351183,
          0,
          -0.53479224,
          0.034899574,
          0.84426254,
          0,
          0.018675352,
          0.99939084,
          -0.029482394,
          0,
          1.5820531,
          5.0289187,
          1.4098319,
          1
        ]
      },
      {
        "date" : 751366429.691455,
        "title" : "Untitled",
        "transform" : [
          -0.8447771,
          -5.791031e-08,
          -0.5351183,
          0,
          -0.53479224,
          0.034899574,
          0.84426254,
          0,
          0.018675352,
          0.99939084,
          -0.029482394,
          0,
          1.486223,
          10.812494,
          0.7413812,
          1
        ]
      },
      {
        "date" : 751279081.767876,
        "title" : "Untitled",
        "transform" : [
          -0.94576013,
          -6.051411e-08,
          0.32486555,
          0,
          0.31879097,
          0.19247808,
          0.9280757,
          0,
          -0.06252956,
          0.98130125,
          -0.18203808,
          0,
          0.0484623,
          10.513777,
          -0.95346296,
          1
        ]
      },
      {
        "date" : 751274901.250472,
        "title" : "Untitled",
        "transform" : [
          -0.9457602,
          -2.8517961e-08,
          0.32486555,
          0,
          0.318791,
          0.19247809,
          0.9280756,
          0,
          -0.062529586,
          0.98130125,
          -0.18203813,
          0,
          0.22636718,
          9.711619,
          0.110078454,
          1
        ]
      }
    ],
    "EFA93561-04AB-4694-BE18-5B95DFF15B9F" : [
      {
        "date" : 753612965.228056,
        "title" : "Untitled",
        "transform" : [
          0.9195065,
          6.296853e-09,
          0.39307493,
          0,
          0.13457027,
          0.93957156,
          -0.31479532,
          0,
          -0.36932212,
          0.34235254,
          0.86394215,
          0,
          0.96524143,
          10.047846,
          20.731667,
          1
        ]
      },
      {
        "date" : 753612919.670615,
        "title" : "Untitled",
        "transform" : [
          -0.42861277,
          -6.3034786e-09,
          -0.90348834,
          0,
          -0.7070135,
          0.6226036,
          0.33540547,
          0,
          0.5625151,
          0.78253746,
          -0.2668558,
          0,
          32.684097,
          21.365934,
          -0.8809552,
          1
        ]
      },
      {
        "date" : 753612915.631237,
        "title" : "Untitled",
        "transform" : [
          -0.42861277,
          -6.3034786e-09,
          -0.90348834,
          0,
          -0.7070135,
          0.6226036,
          0.33540547,
          0,
          0.5625151,
          0.78253746,
          -0.2668558,
          0,
          24.320797,
          9.731282,
          3.086627,
          1
        ]
      },
      {
        "date" : 753612875.020644,
        "title" : "Untitled",
        "transform" : [
          -0.42861277,
          -6.3034786e-09,
          -0.90348834,
          0,
          -0.7070135,
          0.6226036,
          0.33540547,
          0,
          0.5625151,
          0.78253746,
          -0.2668558,
          0,
          64.07831,
          47.931477,
          -13.134575,
          1
        ]
      },
      {
        "date" : 753612865.519643,
        "title" : "Untitled",
        "transform" : [
          -0.13622293,
          -7.574245e-09,
          0.99067813,
          0,
          0.5014835,
          0.86241484,
          0.068956375,
          0,
          -0.85437554,
          0.5062022,
          -0.117480695,
          0,
          -44.66368,
          26.818039,
          -4.858451,
          1
        ]
      },
      {
        "date" : 753612861.770652,
        "title" : "Untitled",
        "transform" : [
          -0.13622302,
          -1.3113387e-08,
          0.99067825,
          0,
          0.2861165,
          0.95738685,
          0.039342374,
          0,
          -0.9484623,
          0.2888086,
          -0.13041827,
          0,
          -22.708757,
          6.857247,
          -11.218052,
          1
        ]
      },
      {
        "date" : 753612831.187241,
        "title" : "Untitled",
        "transform" : [
          -0.8866238,
          -1.4329714e-08,
          0.46249142,
          0,
          0.2897596,
          0.7794062,
          0.5554865,
          0,
          -0.36046863,
          0.62651885,
          -0.6910402,
          0,
          4.546876,
          7.07704,
          -9.619776,
          1
        ]
      },
      {
        "date" : 753612818.410878,
        "title" : "Untitled",
        "transform" : [
          -0.6186064,
          -1.4708481e-08,
          0.78570104,
          0,
          0.6105729,
          0.62936985,
          0.48072264,
          0,
          -0.49449664,
          0.77710575,
          -0.38933238,
          0,
          0.8197956,
          11.191154,
          -1.455801,
          1
        ]
      },
      {
        "date" : 753612812.812226,
        "title" : "Untitled",
        "transform" : [
          0.6261542,
          -1.35928016e-08,
          -0.77969944,
          0,
          -0.7792244,
          0.034899354,
          -0.6257728,
          0,
          0.027211064,
          0.9993909,
          0.021852614,
          0,
          27.213501,
          19.932034,
          7.3201876,
          1
        ]
      },
      {
        "date" : 753612713.61144,
        "title" : "Untitled",
        "transform" : [
          0.29979268,
          5.7121694e-09,
          0.95400435,
          0,
          0.6761221,
          0.70548975,
          -0.21246912,
          0,
          -0.6730404,
          0.7087201,
          0.21150059,
          0,
          -4.7031264,
          7.6664834,
          3.2912357,
          1
        ]
      }
    ],
    "FB03D807-8974-40F6-95FE-20829A068753" : [
      {
        "date" : 749979495.877153,
        "title" : "Untitled",
        "transform" : [
          1,
          0,
          0,
          0,
          0,
          0.7071069,
          -0.70710677,
          0,
          0,
          0.70710677,
          0.7071069,
          0,
          0,
          4.7333446,
          4.7333455,
          1
        ]
      }
    ]
  },
  "sceneViewportBackgroundColors" : {

  },
  "selectedSceneRelativePath" : "AppleDev.usda"
}