{
  "advancedEditorSelectedIdentifier" : "ProjectBrowser",
  "openSceneRelativePaths" : [
    "Scene.usda"
  ],
  "recentIdentifiers" : {
    "801BB739-7548-43D3-AD07-9343D9CB54CB" : [

    ],
    "CF1064AA-49F7-4917-9EB0-5A96E7D1DA98" : [

    ],
    "EFA93561-04AB-4694-BE18-5B95DFF15B9F" : [

    ]
  },
  "sceneCameraHistory" : {
    "801BB739-7548-43D3-AD07-9343D9CB54CB" : [
      {
        "date" : 750072762.409224,
        "title" : "Untitled",
        "transform" : [
          0.9999772,
          -1.5296793e-11,
          0.006761803,
          0,
          0.003958802,
          0.8106973,
          -0.58545214,
          0,
          -0.0054817745,
          0.5854655,
          0.8106787,
          0,
          27.20671,
          79.82309,
          48.983795,
          1
        ]
      },
      {
        "date" : 750072760.550251,
        "title" : "Untitled",
        "transform" : [
          0.99997705,
          -1.5296792e-11,
          0.006761802,
          0,
          0.003958802,
          0.8106973,
          -0.58545214,
          0,
          -0.0054817745,
          0.5854655,
          0.8106787,
          0,
          27.900131,
          5.755404,
          -53.571297,
          1
        ]
      },
      {
        "date" : 750072755.242629,
        "title" : "Untitled",
        "transform" : [
          1,
          0,
          0,
          0,
          0,
          1,
          0,
          0,
          0,
          0,
          1,
          0,
          7.3019066,
          8.1087475,
          -10.61126,
          1
        ]
      },
      {
        "date" : 750072753.77414,
        "title" : "Untitled",
        "transform" : [
          1,
          0,
          0,
          0,
          0,
          1,
          0,
          0,
          0,
          0,
          1,
          0,
          4.9878964,
          6.0460925,
          -6.614689,
          1
        ]
      },
      {
        "date" : 750072746.716365,
        "title" : "Untitled",
        "transform" : [
          -0.3022127,
          3.8105417e-09,
          -0.95324045,
          0,
          0.9526597,
          0.03489976,
          -0.30202866,
          0,
          0.033267703,
          -0.9993908,
          -0.01054713,
          0,
          -272.27466,
          157.99042,
          -62.019257,
          1
        ]
      },
      {
        "date" : 750072743.142598,
        "title" : "Untitled",
        "transform" : [
          -0.3022127,
          3.8105417e-09,
          -0.95324045,
          0,
          0.9526597,
          0.03489976,
          -0.30202866,
          0,
          0.033267703,
          -0.9993908,
          -0.01054713,
          0,
          -272.35773,
          160.47917,
          -61.993042,
          1
        ]
      },
      {
        "date" : 750072736.749034,
        "title" : "Untitled",
        "transform" : [
          -0.30221266,
          3.810541e-09,
          -0.95324033,
          0,
          0.9526597,
          0.03489976,
          -0.30202866,
          0,
          0.033267703,
          -0.9993908,
          -0.01054713,
          0,
          -272.59558,
          167.60028,
          -61.918037,
          1
        ]
      },
      {
        "date" : 750072730.758491,
        "title" : "Untitled",
        "transform" : [
          0.8056728,
          -6.7419847e-09,
          0.59236085,
          0,
          0.101897016,
          0.9850937,
          -0.13859053,
          0,
          -0.583531,
          0.17201829,
          0.79366326,
          0,
          -247.02332,
          -225.0301,
          -15.541946,
          1
        ]
      },
      {
        "date" : 750072726.825375,
        "title" : "Untitled",
        "transform" : [
          0.8056728,
          -6.7419847e-09,
          0.59236085,
          0,
          0.101897016,
          0.9850937,
          -0.13859053,
          0,
          -0.583531,
          0.17201829,
          0.79366326,
          0,
          -244.57857,
          -225.75081,
          -18.867092,
          1
        ]
      },
      {
        "date" : 750069292.750072,
        "title" : "Untitled",
        "transform" : [
          0.8056728,
          -6.7419847e-09,
          0.59236085,
          0,
          0.101897016,
          0.9850937,
          -0.13859053,
          0,
          -0.583531,
          0.17201829,
          0.79366326,
          0,
          -147.01735,
          88.57554,
          109.75463,
          1
        ]
      }
    ],
    "CF1064AA-49F7-4917-9EB0-5A96E7D1DA98" : [
      {
        "date" : 750323741.033697,
        "title" : "Untitled",
        "transform" : [
          0.019036036,
          -3.1167218e-08,
          0.99981874,
          0,
          0.99920976,
          0.034899577,
          -0.019024448,
          0,
          -0.03489327,
          0.9993908,
          0.0006643897,
          0,
          -0.508432,
          6.886317,
          0.3024217,
          1
        ]
      },
      {
        "date" : 750323739.915349,
        "title" : "Untitled",
        "transform" : [
          0.019036036,
          -3.1167218e-08,
          0.99981874,
          0,
          0.99920976,
          0.034899577,
          -0.019024448,
          0,
          -0.03489327,
          0.9993908,
          0.0006643897,
          0,
          -0.46590424,
          6.310312,
          0.27712566,
          1
        ]
      },
      {
        "date" : 750323715.019315,
        "title" : "Untitled",
        "transform" : [
          0.019036036,
          -3.1167218e-08,
          0.99981874,
          0,
          0.99920976,
          0.034899577,
          -0.019024448,
          0,
          -0.03489327,
          0.9993908,
          0.0006643897,
          0,
          -0.28910142,
          3.9156547,
          0.17196113,
          1
        ]
      },
      {
        "date" : 750323705.155705,
        "title" : "Untitled",
        "transform" : [
          0.019036036,
          -3.1167218e-08,
          0.99981874,
          0,
          0.99920976,
          0.034899577,
          -0.019024448,
          0,
          -0.03489327,
          0.9993908,
          0.0006643897,
          0,
          -0.36684483,
          7.202418,
          0.2448113,
          1
        ]
      },
      {
        "date" : 750323702.80601,
        "title" : "Untitled",
        "transform" : [
          0.019036036,
          -3.1167218e-08,
          0.99981874,
          0,
          0.99920976,
          0.034899577,
          -0.019024448,
          0,
          -0.03489327,
          0.9993908,
          0.0006643897,
          0,
          -0.3152465,
          5.0209928,
          0.19646063,
          1
        ]
      },
      {
        "date" : 750323613.586381,
        "title" : "Untitled",
        "transform" : [
          0.019036036,
          -3.1167218e-08,
          0.99981874,
          0,
          0.99920976,
          0.034899577,
          -0.019024448,
          0,
          -0.03489327,
          0.9993908,
          0.0006643897,
          0,
          -1.1059742,
          38.450626,
          0.937419,
          1
        ]
      },
      {
        "date" : 750240912.594084,
        "title" : "Untitled",
        "transform" : [
          0.019036036,
          -3.1167218e-08,
          0.99981874,
          0,
          0.99920976,
          0.034899577,
          -0.019024448,
          0,
          -0.03489327,
          0.9993908,
          0.0006643897,
          0,
          -0.08050847,
          9.079875,
          0.917892,
          1
        ]
      },
      {
        "date" : 750240338.880394,
        "title" : "Untitled",
        "transform" : [
          0.019036036,
          -3.1167218e-08,
          0.99981874,
          0,
          0.99920976,
          0.034899577,
          -0.019024448,
          0,
          -0.03489327,
          0.9993908,
          0.0006643897,
          0,
          -3.8414283,
          31.227957,
          0.96917075,
          1
        ]
      },
      {
        "date" : 750073903.779887,
        "title" : "Untitled",
        "transform" : [
          0.019036036,
          -3.1167218e-08,
          0.99981874,
          0,
          0.99920976,
          0.034899518,
          -0.019024448,
          0,
          -0.03489321,
          0.9993908,
          0.0006643886,
          0,
          -5.835173,
          47.435642,
          1.472182,
          1
        ]
      },
      {
        "date" : 750073528.125258,
        "title" : "Untitled",
        "transform" : [
          0.019036006,
          3.335979e-08,
          0.99981874,
          0,
          0.99920976,
          0.034899544,
          -0.019024407,
          0,
          -0.034893256,
          0.99939084,
          0.000664295,
          0,
          -11.411112,
          77.007416,
          4.2182856,
          1
        ]
      }
    ],
    "EFA93561-04AB-4694-BE18-5B95DFF15B9F" : [
      {
        "date" : 750240377.009577,
        "title" : "Untitled",
        "transform" : [
          0.9593763,
          2.450205e-08,
          -0.28212973,
          0,
          -0.28195176,
          0.03551206,
          -0.9587711,
          0,
          0.010018989,
          0.99936926,
          0.03406944,
          0,
          1.20582,
          16.328861,
          0.4584644,
          1
        ]
      },
      {
        "date" : 750240356.478108,
        "title" : "Untitled",
        "transform" : [
          0.9593763,
          2.450205e-08,
          -0.28212973,
          0,
          -0.28195176,
          0.03551206,
          -0.9587711,
          0,
          0.010018989,
          0.99936926,
          0.03406944,
          0,
          4.7092357,
          58.034176,
          0.41671774,
          1
        ]
      },
      {
        "date" : 750077128.827354,
        "title" : "Untitled",
        "transform" : [
          0.9593763,
          2.450205e-08,
          -0.28212973,
          0,
          -0.28195176,
          0.03551206,
          -0.9587711,
          0,
          0.010018989,
          0.99936926,
          0.03406944,
          0,
          41.458927,
          130.69098,
          -24.162134,
          1
        ]
      },
      {
        "date" : 750077035.40913,
        "title" : "Untitled",
        "transform" : [
          0.9593763,
          2.450205e-08,
          -0.28212973,
          0,
          -0.28195176,
          0.03551206,
          -0.9587711,
          0,
          0.010018989,
          0.99936926,
          0.03406944,
          0,
          42.088783,
          51.10719,
          48.673325,
          1
        ]
      },
      {
        "date" : 750077024.65572,
        "title" : "Untitled",
        "transform" : [
          0.9593763,
          2.450205e-08,
          -0.28212973,
          0,
          -0.28195176,
          0.03551206,
          -0.9587711,
          0,
          0.010018989,
          0.99936926,
          0.03406944,
          0,
          41.597855,
          2.2342541,
          47.008087,
          1
        ]
      },
      {
        "date" : 750077022.090915,
        "title" : "Untitled",
        "transform" : [
          0.9593763,
          2.450205e-08,
          -0.28212973,
          0,
          -0.28195176,
          0.03551206,
          -0.9587711,
          0,
          0.010018989,
          0.99936926,
          0.03406944,
          0,
          21.346245,
          -1.3225231,
          133.75665,
          1
        ]
      },
      {
        "date" : 750076989.54177,
        "title" : "Untitled",
        "transform" : [
          0.95937634,
          2.5432527e-08,
          -0.28212973,
          0,
          -0.28195173,
          0.035512045,
          -0.9587712,
          0,
          0.010019105,
          0.9993692,
          0.034069456,
          0,
          -45.094093,
          12.367899,
          -70.73618,
          1
        ]
      },
      {
        "date" : 750076975.342417,
        "title" : "Untitled",
        "transform" : [
          0.99083,
          2.543267e-08,
          0.13511422,
          0,
          0.13503192,
          0.03489949,
          -0.99022645,
          0,
          -0.0047153407,
          0.9993908,
          0.03457954,
          0,
          -23.389328,
          107.90913,
          -49.93199,
          1
        ]
      },
      {
        "date" : 750076952.394187,
        "title" : "Untitled",
        "transform" : [
          0.99083,
          2.543267e-08,
          0.13511422,
          0,
          0.13503192,
          0.03489949,
          -0.99022645,
          0,
          -0.0047153407,
          0.9993908,
          0.03457954,
          0,
          -23.045328,
          35.04545,
          -52.452705,
          1
        ]
      },
      {
        "date" : 750076941.907528,
        "title" : "Untitled",
        "transform" : [
          0.99083,
          2.543267e-08,
          0.13511422,
          0,
          0.13503192,
          0.03489949,
          -0.99022645,
          0,
          -0.0047153407,
          0.9993908,
          0.03457954,
          0,
          -29.133911,
          19.932106,
          -61.171516,
          1
        ]
      }
    ],
    "FB03D807-8974-40F6-95FE-20829A068753" : [
      {
        "date" : 749979495.877153,
        "title" : "Untitled",
        "transform" : [
          1,
          0,
          0,
          0,
          0,
          0.7071069,
          -0.70710677,
          0,
          0,
          0.70710677,
          0.7071069,
          0,
          0,
          4.7333446,
          4.7333455,
          1
        ]
      }
    ]
  },
  "sceneViewportBackgroundColors" : {

  },
  "selectedSceneRelativePath" : "Scene.usda"
}