{
  "advancedEditorSelectedIdentifier" : "BehaviorsPluginID",
  "openSceneRelativePaths" : [
    "Scene.usda"
  ],
  "recentIdentifiers" : {
    "CF1064AA-49F7-4917-9EB0-5A96E7D1DA98" : [

    ]
  },
  "sceneCameraHistory" : {
    "CF1064AA-49F7-4917-9EB0-5A96E7D1DA98" : [
      {
        "date" : 750323865.056892,
        "title" : "Untitled",
        "transform" : [
          0.9984241,
          1.704015e-08,
          0.056119967,
          0,
          0.048303973,
          0.50906575,
          -0.8593711,
          0,
          -0.028568752,
          0.86072767,
          0.5082634,
          0,
          -0.6766062,
          6.6026583,
          2.2628257,
          1
        ]
      },
      {
        "date" : 750323579.925281,
        "title" : "Untitled",
        "transform" : [
          0.99998355,
          1.7707109e-08,
          0.0057183965,
          0,
          0.00017300935,
          0.999542,
          -0.030261055,
          0,
          -0.0057157674,
          0.03026164,
          0.9995256,
          0,
          -0.63366723,
          2.2123222,
          7.376606,
          1
        ]
      },
      {
        "date" : 750248433.337524,
        "title" : "Untitled",
        "transform" : [
          0.9517605,
          1.7840723e-08,
          -0.30684197,
          0,
          -0.18508568,
          0.7975934,
          -0.5740975,
          0,
          0.24473512,
          0.6031954,
          0.75911784,
          0,
          0.7090999,
          5.535311,
          5.2703476,
          1
        ]
      },
      {
        "date" : 750248424.451771,
        "title" : "Untitled",
        "transform" : [
          0.7615719,
          1.31684095e-08,
          -0.6480804,
          0,
          -0.5288246,
          0.5780716,
          -0.6214321,
          0,
          0.3746368,
          0.8159861,
          0.440243,
          0,
          1.4318706,
          6.8579,
          3.1365602,
          1
        ]
      },
      {
        "date" : 750248421.114552,
        "title" : "Untitled",
        "transform" : [
          0.9959623,
          7.633744e-09,
          -0.08977315,
          0,
          -0.08299971,
          0.38106152,
          -0.9208166,
          0,
          0.03420909,
          0.9245498,
          0.37952283,
          0,
          -0.78585804,
          7.4257274,
          1.777656,
          1
        ]
      },
      {
        "date" : 750248410.462505,
        "title" : "Untitled",
        "transform" : [
          0.9498483,
          7.486797e-09,
          -0.31271127,
          0,
          -0.24139315,
          0.63569987,
          -0.73322225,
          0,
          0.1987905,
          0.7719364,
          0.60381836,
          0,
          0.29487467,
          6.5994396,
          3.9088998,
          1
        ]
      },
      {
        "date" : 750248400.456897,
        "title" : "Untitled",
        "transform" : [
          0.97220194,
          1.9901e-08,
          -0.23414415,
          0,
          -0.06827581,
          0.9565411,
          -0.28349143,
          0,
          0.22396855,
          0.29159746,
          0.92995113,
          0,
          0.82822907,
          4.094451,
          7.022794,
          1
        ]
      },
      {
        "date" : 750248388.580355,
        "title" : "Untitled",
        "transform" : [
          0.9880437,
          1.7846583e-08,
          -0.1541744,
          0,
          -0.110765934,
          0.6955831,
          -0.70985574,
          0,
          0.10724111,
          0.7184457,
          0.68726635,
          0,
          0.6545376,
          3.2336898,
          2.6098847,
          1
        ]
      },
      {
        "date" : 750248383.734682,
        "title" : "Untitled",
        "transform" : [
          0.9032189,
          1.7093658e-08,
          -0.42918018,
          0,
          -0.16058618,
          0.9273603,
          -0.33795705,
          0,
          0.3980047,
          0.37416965,
          0.8376094,
          0,
          1.7058749,
          2.3063889,
          3.8842547,
          1
        ]
      },
      {
        "date" : 750248379.78094,
        "title" : "Untitled",
        "transform" : [
          0.991176,
          -9.2545704e-10,
          -0.13255247,
          0,
          -0.09318411,
          0.71119165,
          -0.69679487,
          0,
          0.09427024,
          0.7029982,
          0.7049161,
          0,
          -0.19032657,
          6.470537,
          4.3972964,
          1
        ]
      }
    ]
  },
  "sceneViewportBackgroundColors" : {

  }
}