{
  "advancedEditorSelectedIdentifier" : "ProjectBrowser",
  "openSceneRelativePaths" : [
    "Scene.usda",
    "Test.usda",
    "Test2.usda"
  ],
  "recentIdentifiers" : {
    "6613B4BE-F93D-42B0-8F22-045DB64D2315" : [

    ],
    "AC49DB16-1513-4A4F-B0FC-AFA0177432DC" : [

    ],
    "CF1064AA-49F7-4917-9EB0-5A96E7D1DA98" : [

    ]
  },
  "sceneCameraHistory" : {
    "32B7637D-281C-44A2-938E-F4CBBDB2DC38" : [
      {
        "date" : 753266345.316117,
        "title" : "Untitled",
        "transform" : [
          0.999737,
          0,
          0.02293195,
          0,
          0.016215337,
          0.7071069,
          -0.7069208,
          0,
          -0.01621534,
          0.70710677,
          0.7069209,
          0,
          -0.018959306,
          0.82676333,
          0.826546,
          1
        ]
      }
    ],
    "6613B4BE-F93D-42B0-8F22-045DB64D2315" : [
      {
        "date" : 753266527.758896,
        "title" : "Untitled",
        "transform" : [
          -0.29806915,
          -1.7250985e-08,
          -0.95454425,
          0,
          -0.5245982,
          0.83544135,
          0.16381297,
          0,
          0.7974661,
          0.54957926,
          -0.24901946,
          0,
          5.8410416,
          2.693266,
          -0.6132895,
          1
        ]
      },
      {
        "date" : 753266514.70813,
        "title" : "Untitled",
        "transform" : [
          -0.3464473,
          -1.7230395e-08,
          -0.9380694,
          0,
          -0.27006945,
          0.95766073,
          0.09974214,
          0,
          0.8983524,
          0.28789872,
          -0.33177912,
          0,
          6.3626947,
          1.5140026,
          -1.0090654,
          1
        ]
      },
      {
        "date" : 753266499.434791,
        "title" : "Untitled",
        "transform" : [
          0.11536763,
          -1.0272787e-08,
          -0.99332285,
          0,
          -0.6516364,
          0.7547465,
          -0.075682886,
          0,
          0.74970734,
          0.65601623,
          0.08707324,
          0,
          5.8500686,
          3.1627574,
          0.848603,
          1
        ]
      },
      {
        "date" : 753266479.911508,
        "title" : "Untitled",
        "transform" : [
          0.45237955,
          -7.0937514e-09,
          -0.89182556,
          0,
          -0.7810681,
          0.48265946,
          -0.39619756,
          0,
          0.43044844,
          0.87580794,
          0.21834542,
          0,
          3.4067793,
          4.6040435,
          1.630324,
          1
        ]
      },
      {
        "date" : 753266476.294774,
        "title" : "Untitled",
        "transform" : [
          0.39765584,
          -1.6521629e-09,
          -0.91753465,
          0,
          -0.55480105,
          0.79648,
          -0.24044847,
          0,
          0.7307983,
          0.60466456,
          0.316725,
          0,
          5.1200857,
          3.772809,
          2.3042548,
          1
        ]
      },
      {
        "date" : 753266459.400235,
        "title" : "Untitled",
        "transform" : [
          0.39765584,
          -1.6521629e-09,
          -0.91753465,
          0,
          -0.55480105,
          0.79648,
          -0.24044847,
          0,
          0.7307983,
          0.60466456,
          0.316725,
          0,
          8.365386,
          8.610791,
          3.762633,
          1
        ]
      },
      {
        "date" : 753266442.830542,
        "title" : "Untitled",
        "transform" : [
          -0.20137224,
          6.4620194e-09,
          -0.9795148,
          0,
          -0.89134896,
          0.4146295,
          0.1832469,
          0,
          0.40613607,
          0.9099902,
          -0.08349503,
          0,
          3.431946,
          6.56652,
          0.9862591,
          1
        ]
      },
      {
        "date" : 753266421.341998,
        "title" : "Untitled",
        "transform" : [
          -0.20137227,
          6.4620203e-09,
          -0.9795149,
          0,
          -0.89134896,
          0.4146295,
          0.1832469,
          0,
          0.40613607,
          0.9099902,
          -0.08349503,
          0,
          3.121359,
          6.6987,
          0.9160874,
          1
        ]
      },
      {
        "date" : 753265830.205826,
        "title" : "Untitled",
        "transform" : [
          -0.5181053,
          1.2769732e-08,
          -0.8553169,
          0,
          -0.37930727,
          0.89628917,
          0.22976425,
          0,
          0.76661134,
          0.44346967,
          -0.46437237,
          0,
          6.314953,
          3.3777575,
          -2.0412722,
          1
        ]
      },
      {
        "date" : 753265823.890508,
        "title" : "Untitled",
        "transform" : [
          0.19155782,
          8.068367e-09,
          -0.9814814,
          0,
          -0.7118713,
          0.6884298,
          -0.13893732,
          0,
          0.6756812,
          0.7253027,
          0.13187405,
          0,
          5.964384,
          4.854152,
          1.05983,
          1
        ]
      },
      {
        "date" : 752576431.649682,
        "title" : "Untitled",
        "transform" : [
          -0.031075032,
          -2.0915547e-08,
          -0.9995171,
          0,
          -0.9702896,
          0.24005859,
          0.030166404,
          0,
          0.23994271,
          0.9707584,
          -0.0074599385,
          0,
          1.2899106,
          5.768954,
          1.3370546,
          1
        ]
      },
      {
        "date" : 752576370.852946,
        "title" : "Untitled",
        "transform" : [
          -0.031075032,
          -2.0915547e-08,
          -0.9995171,
          0,
          -0.9702896,
          0.24005859,
          0.030166404,
          0,
          0.23994271,
          0.9707584,
          -0.0074599385,
          0,
          0.91301167,
          7.6188164,
          1.4036629,
          1
        ]
      },
      {
        "date" : 752576365.027475,
        "title" : "Untitled",
        "transform" : [
          -0.031075032,
          -2.0915547e-08,
          -0.9995171,
          0,
          -0.9702896,
          0.24005859,
          0.030166404,
          0,
          0.23994271,
          0.9707584,
          -0.0074599385,
          0,
          0.6629293,
          5.531952,
          1.0191866,
          1
        ]
      },
      {
        "date" : 752576363.204393,
        "title" : "Untitled",
        "transform" : [
          -0.027716272,
          -2.2754236e-08,
          -0.99961585,
          0,
          -0.5338754,
          0.8454336,
          0.014802762,
          0,
          0.84510887,
          0.5340805,
          -0.023432365,
          0,
          5.0489388,
          5.1164846,
          0.891937,
          1
        ]
      },
      {
        "date" : 752576431.649682,
        "title" : "Untitled",
        "transform" : [
          -0.031075032,
          -2.0915547e-08,
          -0.9995171,
          0,
          -0.9702896,
          0.24005859,
          0.030166404,
          0,
          0.23994271,
          0.9707584,
          -0.0074599385,
          0,
          1.2899106,
          5.768954,
          1.3370546,
          1
        ]
      },
      {
        "date" : 752576370.852946,
        "title" : "Untitled",
        "transform" : [
          -0.031075032,
          -2.0915547e-08,
          -0.9995171,
          0,
          -0.9702896,
          0.24005859,
          0.030166404,
          0,
          0.23994271,
          0.9707584,
          -0.0074599385,
          0,
          0.91301167,
          7.6188164,
          1.4036629,
          1
        ]
      },
      {
        "date" : 752576365.027475,
        "title" : "Untitled",
        "transform" : [
          -0.031075032,
          -2.0915547e-08,
          -0.9995171,
          0,
          -0.9702896,
          0.24005859,
          0.030166404,
          0,
          0.23994271,
          0.9707584,
          -0.0074599385,
          0,
          0.6629293,
          5.531952,
          1.0191866,
          1
        ]
      },
      {
        "date" : 752576363.204393,
        "title" : "Untitled",
        "transform" : [
          -0.027716272,
          -2.2754236e-08,
          -0.99961585,
          0,
          -0.5338754,
          0.8454336,
          0.014802762,
          0,
          0.84510887,
          0.5340805,
          -0.023432365,
          0,
          5.0489388,
          5.1164846,
          0.891937,
          1
        ]
      }
    ],
    "AC49DB16-1513-4A4F-B0FC-AFA0177432DC" : [
      {
        "date" : 752573992.364211,
        "title" : "Untitled",
        "transform" : [
          -0.04321205,
          5.403483e-08,
          -0.999066,
          0,
          -0.9925598,
          0.113938786,
          0.042930625,
          0,
          0.11383238,
          0.99348783,
          -0.0049234633,
          0,
          4.3742876,
          7.556197,
          0.7321289,
          1
        ]
      },
      {
        "date" : 752573883.422958,
        "title" : "Untitled",
        "transform" : [
          -0.04321205,
          5.403483e-08,
          -0.999066,
          0,
          -0.9925598,
          0.113938786,
          0.042930625,
          0,
          0.11383238,
          0.99348783,
          -0.0049234633,
          0,
          1.9199297,
          7.8378067,
          0.8113583,
          1
        ]
      },
      {
        "date" : 752573881.038733,
        "title" : "Untitled",
        "transform" : [
          -0.04321205,
          5.403483e-08,
          -0.999066,
          0,
          -0.9925598,
          0.113938786,
          0.042930625,
          0,
          0.11383238,
          0.99348783,
          -0.0049234633,
          0,
          1.6253722,
          11.930811,
          0.6508781,
          1
        ]
      },
      {
        "date" : 752573825.983932,
        "title" : "Untitled",
        "transform" : [
          -0.04321205,
          5.403483e-08,
          -0.999066,
          0,
          -0.9925598,
          0.113938786,
          0.042930625,
          0,
          0.11383238,
          0.99348783,
          -0.0049234633,
          0,
          1.8963981,
          8.164789,
          0.79853785,
          1
        ]
      },
      {
        "date" : 752573800.534075,
        "title" : "Untitled",
        "transform" : [
          0.06858929,
          5.482412e-08,
          -0.99764496,
          0,
          -0.9970373,
          0.034899462,
          -0.06854755,
          0,
          0.034817282,
          0.9993908,
          0.0023937959,
          0,
          -3.6835456,
          8.702546,
          0.30800977,
          1
        ]
      },
      {
        "date" : 752573797.634312,
        "title" : "Untitled",
        "transform" : [
          0.07508289,
          4.8054254e-08,
          -0.9971774,
          0,
          -0.36832306,
          0.92928416,
          -0.027733032,
          0,
          0.9266611,
          0.36936563,
          0.06977337,
          0,
          4.7114477,
          1.6441392,
          0.8647827,
          1
        ]
      },
      {
        "date" : 752573736.024344,
        "title" : "Untitled",
        "transform" : [
          0.044922806,
          4.6393644e-08,
          -0.99899054,
          0,
          -0.9212229,
          0.3868233,
          -0.041425757,
          0,
          0.3864328,
          0.9221539,
          0.01737724,
          0,
          2.2112184,
          8.594856,
          -0.37537134,
          1
        ]
      },
      {
        "date" : 752573600.682531,
        "title" : "Untitled",
        "transform" : [
          -0.21386643,
          4.7616425e-08,
          -0.9768629,
          0,
          -0.38038567,
          0.9210707,
          0.08327856,
          0,
          0.8997599,
          0.38939524,
          -0.1969861,
          0,
          7.8953085,
          6.3527765,
          -1.578804,
          1
        ]
      },
      {
        "date" : 752573586.47692,
        "title" : "Untitled",
        "transform" : [
          0.05734971,
          4.6164352e-08,
          -0.99835414,
          0,
          -0.46800146,
          0.8833186,
          -0.026883999,
          0,
          0.8818649,
          0.46877304,
          0.0506581,
          0,
          7.8320336,
          6.841767,
          -0.056966066,
          1
        ]
      },
      {
        "date" : 752573574.493542,
        "title" : "Untitled",
        "transform" : [
          0.05734971,
          4.6164352e-08,
          -0.99835414,
          0,
          -0.46800146,
          0.8833186,
          -0.026883999,
          0,
          0.8818649,
          0.46877304,
          0.0506581,
          0,
          8.447334,
          5.777593,
          -0.92072177,
          1
        ]
      }
    ],
    "CF1064AA-49F7-4917-9EB0-5A96E7D1DA98" : [
      {
        "date" : 752574035.515323,
        "title" : "Untitled",
        "transform" : [
          -0.0015519634,
          -0.00081674714,
          -0.99999857,
          0,
          -0.8785616,
          0.4776283,
          0.0009733663,
          0,
          0.47762668,
          0.87856174,
          -0.0014587819,
          0,
          4.175803,
          5.3139515,
          0.6949498,
          1
        ]
      },
      {
        "date" : 752574034.133378,
        "title" : "Untitled",
        "transform" : [
          -0.0062247217,
          -0.0008167471,
          -0.99998045,
          0,
          -0.87854743,
          0.4776283,
          0.0050786827,
          0,
          0.47761467,
          0.8785617,
          -0.0036906113,
          0,
          4.1790047,
          5.313951,
          0.6754296,
          1
        ]
      },
      {
        "date" : 752574027.905069,
        "title" : "Untitled",
        "transform" : [
          -0.0005806519,
          -0.0008167471,
          -0.9999996,
          0,
          -0.97363675,
          0.22810417,
          0.00037901182,
          0,
          0.22810368,
          0.9736364,
          -0.00092762196,
          0,
          2.6202002,
          6.229293,
          0.69916075,
          1
        ]
      },
      {
        "date" : 752574025.131443,
        "title" : "Untitled",
        "transform" : [
          -0.06626625,
          -0.0008167471,
          -0.9978017,
          0,
          -0.967248,
          0.24562325,
          0.06403603,
          0,
          0.24503091,
          0.96936506,
          -0.01706648,
          0,
          2.772111,
          6.1810412,
          0.51816297,
          1
        ]
      },
      {
        "date" : 752574023.470456,
        "title" : "Untitled",
        "transform" : [
          -0.06626625,
          -0.0008167475,
          -0.9978018,
          0,
          -0.97613114,
          0.20733403,
          0.06465732,
          0,
          0.20682539,
          0.9782699,
          -0.014536455,
          0,
          2.5276191,
          6.28363,
          0.53431624,
          1
        ]
      },
      {
        "date" : 752573997.037708,
        "title" : "Untitled",
        "transform" : [
          0.042118352,
          -0.0008167457,
          -0.99911237,
          0,
          -0.7595841,
          0.64959407,
          -0.03255191,
          0,
          0.6490439,
          0.76028085,
          0.02673948,
          0,
          5.152543,
          4.3316436,
          0.92006505,
          1
        ]
      },
      {
        "date" : 752573901.554434,
        "title" : "Untitled",
        "transform" : [
          0.04057083,
          -0.0008167457,
          -0.9991764,
          0,
          -0.76105237,
          0.64792854,
          -0.031431638,
          0,
          0.64742047,
          0.76170075,
          0.025665445,
          0,
          7.467434,
          6.3040314,
          1.3233563,
          1
        ]
      },
      {
        "date" : 752498412.009198,
        "title" : "Untitled",
        "transform" : [
          0.04057083,
          -0.0008167457,
          -0.9991764,
          0,
          -0.76105237,
          0.64792854,
          -0.031431638,
          0,
          0.64742047,
          0.76170075,
          0.025665445,
          0,
          4.6955004,
          3.9639564,
          0.83212256,
          1
        ]
      },
      {
        "date" : 752498400.785447,
        "title" : "Untitled",
        "transform" : [
          0.040570825,
          -0.00081674557,
          -0.99917626,
          0,
          -0.76105237,
          0.64792854,
          -0.031431638,
          0,
          0.6474204,
          0.76170063,
          0.025665442,
          0,
          4.930874,
          3.796164,
          -0.1254816,
          1
        ]
      },
      {
        "date" : 752498081.104149,
        "title" : "Untitled",
        "transform" : [
          -0.2783102,
          -0.0008167462,
          -0.960491,
          0,
          -0.68168044,
          0.704651,
          0.19692332,
          0,
          0.67665005,
          0.7095537,
          -0.19666828,
          0,
          3.6987467,
          3.4929113,
          -1.2483317,
          1
        ]
      }
    ]
  },
  "sceneViewportBackgroundColors" : {

  },
  "selectedSceneRelativePath" : "Test2.usda"
}