{
  "advancedEditorSelectedIdentifier" : "BehaviorsPluginID",
  "openSceneRelativePaths" : [
    "Test2.usda",
    "AppleDev.usda"
  ],
  "recentIdentifiers" : {
    "6613B4BE-F93D-42B0-8F22-045DB64D2315" : [

    ],
    "6620569C-112D-497E-B335-5F4AD3B8779A" : [

    ],
    "AC49DB16-1513-4A4F-B0FC-AFA0177432DC" : [

    ],
    "CF1064AA-49F7-4917-9EB0-5A96E7D1DA98" : [

    ]
  },
  "sceneCameraHistory" : {
    "6613B4BE-F93D-42B0-8F22-045DB64D2315" : [
      {
        "date" : 753613225.161186,
        "title" : "Untitled",
        "transform" : [
          0.0036815575,
          -1.673569e-08,
          -0.9999932,
          0,
          -0.7255318,
          0.68818355,
          -0.0026709973,
          0,
          0.6881789,
          0.7255365,
          0.0025335366,
          0,
          6.8377123,
          6.3770857,
          0.5310429,
          1
        ]
      },
      {
        "date" : 752983614.449895,
        "title" : "Untitled",
        "transform" : [
          -0.030175675,
          -1.1840781e-08,
          -0.9995446,
          0,
          -0.98396075,
          0.17589438,
          0.029705303,
          0,
          0.17581442,
          0.98440903,
          -0.0053077815,
          0,
          5.387074,
          8.518635,
          -0.14620158,
          1
        ]
      },
      {
        "date" : 752983368.497153,
        "title" : "Untitled",
        "transform" : [
          -0.09838024,
          -1.19916965e-08,
          -0.9951489,
          0,
          -0.99454266,
          0.034899376,
          0.09832041,
          0,
          0.0347302,
          0.99939084,
          -0.0034334678,
          0,
          4.086363,
          9.277043,
          -0.4277823,
          1
        ]
      },
      {
        "date" : 752983337.98228,
        "title" : "Untitled",
        "transform" : [
          -0.14373575,
          -1.1869782e-08,
          -0.9896161,
          0,
          -0.9872314,
          0.06938263,
          0.14338948,
          0,
          0.068662286,
          0.9975901,
          -0.009972828,
          0,
          4.2440968,
          9.17758,
          -0.5795932,
          1
        ]
      },
      {
        "date" : 752983334.086356,
        "title" : "Untitled",
        "transform" : [
          -0.39608788,
          -1.4881017e-08,
          -0.9182126,
          0,
          -0.60906404,
          0.7483404,
          0.2627311,
          0,
          0.68713564,
          0.6633148,
          -0.29640865,
          0,
          8.305511,
          4.4419537,
          -3.3074982,
          1
        ]
      },
      {
        "date" : 752751288.381935,
        "title" : "Untitled",
        "transform" : [
          -0.4189392,
          -1.4881017e-08,
          -0.9080143,
          0,
          -0.60229933,
          0.7483404,
          0.27788872,
          0,
          0.6795038,
          0.6633148,
          -0.31350923,
          0,
          1.6741257,
          0.90465343,
          -0.7157227,
          1
        ]
      },
      {
        "date" : 752751284.450034,
        "title" : "Untitled",
        "transform" : [
          -0.5996822,
          -1.6801113e-08,
          -0.80023825,
          0,
          -0.4400633,
          0.83522034,
          0.32977462,
          0,
          0.6683752,
          0.5499154,
          -0.5008669,
          0,
          1.5696337,
          0.6137872,
          -1.1510024,
          1
        ]
      },
      {
        "date" : 752751267.86948,
        "title" : "Untitled",
        "transform" : [
          -0.010648316,
          -2.0915547e-08,
          -0.9999433,
          0,
          -0.97070336,
          0.24005859,
          0.010336996,
          0,
          0.24004504,
          0.9707584,
          -0.0025563282,
          0,
          0.672034,
          2.0103488,
          0.12131427,
          1
        ]
      },
      {
        "date" : 752751233.292854,
        "title" : "Untitled",
        "transform" : [
          -0.031075032,
          -2.0915547e-08,
          -0.9995171,
          0,
          -0.9702896,
          0.24005859,
          0.030166404,
          0,
          0.23994271,
          0.9707584,
          -0.0074599385,
          0,
          2.6920524,
          6.894313,
          0.5422917,
          1
        ]
      },
      {
        "date" : 752751230.660018,
        "title" : "Untitled",
        "transform" : [
          -0.031075032,
          -2.0915547e-08,
          -0.9995171,
          0,
          -0.9702896,
          0.24005859,
          0.030166404,
          0,
          0.23994271,
          0.9707584,
          -0.0074599385,
          0,
          2.6888514,
          6.881363,
          0.5423913,
          1
        ]
      },
      {
        "date" : 752576431.649682,
        "title" : "Untitled",
        "transform" : [
          -0.031075032,
          -2.0915547e-08,
          -0.9995171,
          0,
          -0.9702896,
          0.24005859,
          0.030166404,
          0,
          0.23994271,
          0.9707584,
          -0.0074599385,
          0,
          1.2899106,
          5.768954,
          1.3370546,
          1
        ]
      },
      {
        "date" : 752576370.852946,
        "title" : "Untitled",
        "transform" : [
          -0.031075032,
          -2.0915547e-08,
          -0.9995171,
          0,
          -0.9702896,
          0.24005859,
          0.030166404,
          0,
          0.23994271,
          0.9707584,
          -0.0074599385,
          0,
          0.91301167,
          7.6188164,
          1.4036629,
          1
        ]
      },
      {
        "date" : 752576365.027475,
        "title" : "Untitled",
        "transform" : [
          -0.031075032,
          -2.0915547e-08,
          -0.9995171,
          0,
          -0.9702896,
          0.24005859,
          0.030166404,
          0,
          0.23994271,
          0.9707584,
          -0.0074599385,
          0,
          0.6629293,
          5.531952,
          1.0191866,
          1
        ]
      },
      {
        "date" : 752576363.204393,
        "title" : "Untitled",
        "transform" : [
          -0.027716272,
          -2.2754236e-08,
          -0.99961585,
          0,
          -0.5338754,
          0.8454336,
          0.014802762,
          0,
          0.84510887,
          0.5340805,
          -0.023432365,
          0,
          5.0489388,
          5.1164846,
          0.891937,
          1
        ]
      },
      {
        "date" : 752576431.649682,
        "title" : "Untitled",
        "transform" : [
          -0.031075032,
          -2.0915547e-08,
          -0.9995171,
          0,
          -0.9702896,
          0.24005859,
          0.030166404,
          0,
          0.23994271,
          0.9707584,
          -0.0074599385,
          0,
          1.2899106,
          5.768954,
          1.3370546,
          1
        ]
      },
      {
        "date" : 752576370.852946,
        "title" : "Untitled",
        "transform" : [
          -0.031075032,
          -2.0915547e-08,
          -0.9995171,
          0,
          -0.9702896,
          0.24005859,
          0.030166404,
          0,
          0.23994271,
          0.9707584,
          -0.0074599385,
          0,
          0.91301167,
          7.6188164,
          1.4036629,
          1
        ]
      },
      {
        "date" : 752576365.027475,
        "title" : "Untitled",
        "transform" : [
          -0.031075032,
          -2.0915547e-08,
          -0.9995171,
          0,
          -0.9702896,
          0.24005859,
          0.030166404,
          0,
          0.23994271,
          0.9707584,
          -0.0074599385,
          0,
          0.6629293,
          5.531952,
          1.0191866,
          1
        ]
      },
      {
        "date" : 752576363.204393,
        "title" : "Untitled",
        "transform" : [
          -0.027716272,
          -2.2754236e-08,
          -0.99961585,
          0,
          -0.5338754,
          0.8454336,
          0.014802762,
          0,
          0.84510887,
          0.5340805,
          -0.023432365,
          0,
          5.0489388,
          5.1164846,
          0.891937,
          1
        ]
      }
    ],
    "6620569C-112D-497E-B335-5F4AD3B8779A" : [
      {
        "date" : 753961112.856164,
        "title" : "Untitled",
        "transform" : [
          0.99317485,
          -8.00669e-10,
          0.11663514,
          0,
          0.116526954,
          0.04306387,
          -0.9922535,
          0,
          -0.005022824,
          0.9990723,
          0.04276989,
          0,
          -2.698937,
          4.038896,
          -0.36939037,
          1
        ]
      },
      {
        "date" : 753961106.456086,
        "title" : "Untitled",
        "transform" : [
          0.99317485,
          -8.00669e-10,
          0.11663514,
          0,
          0.116526954,
          0.04306387,
          -0.9922535,
          0,
          -0.005022824,
          0.9990723,
          0.04276989,
          0,
          -2.9437337,
          4.0054464,
          0.38321513,
          1
        ]
      },
      {
        "date" : 753961103.122779,
        "title" : "Untitled",
        "transform" : [
          0.99317473,
          -8.0066886e-10,
          0.11663512,
          0,
          0.11652694,
          0.043063868,
          -0.99225336,
          0,
          -0.005022824,
          0.9990723,
          0.04276989,
          0,
          -2.4347622,
          8.8003645,
          2.3471618,
          1
        ]
      },
      {
        "date" : 753961086.224764,
        "title" : "Untitled",
        "transform" : [
          0.6288751,
          3.1777567e-09,
          -0.77750635,
          0,
          -0.6260793,
          0.59294873,
          -0.5063955,
          0,
          0.4610214,
          0.8052402,
          0.37289077,
          0,
          3.18796,
          5.5682316,
          2.578537,
          1
        ]
      },
      {
        "date" : 753961050.289868,
        "title" : "Untitled",
        "transform" : [
          0.99998844,
          0,
          0.0048065,
          0,
          0.003398708,
          0.7071068,
          -0.70709854,
          0,
          -0.0033987092,
          0.70710677,
          0.7070987,
          0,
          -0.023502056,
          4.8896394,
          4.889583,
          1
        ]
      }
    ],
    "AC49DB16-1513-4A4F-B0FC-AFA0177432DC" : [
      {
        "date" : 752573992.364211,
        "title" : "Untitled",
        "transform" : [
          -0.04321205,
          5.403483e-08,
          -0.999066,
          0,
          -0.9925598,
          0.113938786,
          0.042930625,
          0,
          0.11383238,
          0.99348783,
          -0.0049234633,
          0,
          4.3742876,
          7.556197,
          0.7321289,
          1
        ]
      },
      {
        "date" : 752573883.422958,
        "title" : "Untitled",
        "transform" : [
          -0.04321205,
          5.403483e-08,
          -0.999066,
          0,
          -0.9925598,
          0.113938786,
          0.042930625,
          0,
          0.11383238,
          0.99348783,
          -0.0049234633,
          0,
          1.9199297,
          7.8378067,
          0.8113583,
          1
        ]
      },
      {
        "date" : 752573881.038733,
        "title" : "Untitled",
        "transform" : [
          -0.04321205,
          5.403483e-08,
          -0.999066,
          0,
          -0.9925598,
          0.113938786,
          0.042930625,
          0,
          0.11383238,
          0.99348783,
          -0.0049234633,
          0,
          1.6253722,
          11.930811,
          0.6508781,
          1
        ]
      },
      {
        "date" : 752573825.983932,
        "title" : "Untitled",
        "transform" : [
          -0.04321205,
          5.403483e-08,
          -0.999066,
          0,
          -0.9925598,
          0.113938786,
          0.042930625,
          0,
          0.11383238,
          0.99348783,
          -0.0049234633,
          0,
          1.8963981,
          8.164789,
          0.79853785,
          1
        ]
      },
      {
        "date" : 752573800.534075,
        "title" : "Untitled",
        "transform" : [
          0.06858929,
          5.482412e-08,
          -0.99764496,
          0,
          -0.9970373,
          0.034899462,
          -0.06854755,
          0,
          0.034817282,
          0.9993908,
          0.0023937959,
          0,
          -3.6835456,
          8.702546,
          0.30800977,
          1
        ]
      },
      {
        "date" : 752573797.634312,
        "title" : "Untitled",
        "transform" : [
          0.07508289,
          4.8054254e-08,
          -0.9971774,
          0,
          -0.36832306,
          0.92928416,
          -0.027733032,
          0,
          0.9266611,
          0.36936563,
          0.06977337,
          0,
          4.7114477,
          1.6441392,
          0.8647827,
          1
        ]
      },
      {
        "date" : 752573736.024344,
        "title" : "Untitled",
        "transform" : [
          0.044922806,
          4.6393644e-08,
          -0.99899054,
          0,
          -0.9212229,
          0.3868233,
          -0.041425757,
          0,
          0.3864328,
          0.9221539,
          0.01737724,
          0,
          2.2112184,
          8.594856,
          -0.37537134,
          1
        ]
      },
      {
        "date" : 752573600.682531,
        "title" : "Untitled",
        "transform" : [
          -0.21386643,
          4.7616425e-08,
          -0.9768629,
          0,
          -0.38038567,
          0.9210707,
          0.08327856,
          0,
          0.8997599,
          0.38939524,
          -0.1969861,
          0,
          7.8953085,
          6.3527765,
          -1.578804,
          1
        ]
      },
      {
        "date" : 752573586.47692,
        "title" : "Untitled",
        "transform" : [
          0.05734971,
          4.6164352e-08,
          -0.99835414,
          0,
          -0.46800146,
          0.8833186,
          -0.026883999,
          0,
          0.8818649,
          0.46877304,
          0.0506581,
          0,
          7.8320336,
          6.841767,
          -0.056966066,
          1
        ]
      },
      {
        "date" : 752573574.493542,
        "title" : "Untitled",
        "transform" : [
          0.05734971,
          4.6164352e-08,
          -0.99835414,
          0,
          -0.46800146,
          0.8833186,
          -0.026883999,
          0,
          0.8818649,
          0.46877304,
          0.0506581,
          0,
          8.447334,
          5.777593,
          -0.92072177,
          1
        ]
      }
    ],
    "CF1064AA-49F7-4917-9EB0-5A96E7D1DA98" : [
      {
        "date" : 752574035.515323,
        "title" : "Untitled",
        "transform" : [
          -0.0015519634,
          -0.00081674714,
          -0.99999857,
          0,
          -0.8785616,
          0.4776283,
          0.0009733663,
          0,
          0.47762668,
          0.87856174,
          -0.0014587819,
          0,
          4.175803,
          5.3139515,
          0.6949498,
          1
        ]
      },
      {
        "date" : 752574034.133378,
        "title" : "Untitled",
        "transform" : [
          -0.0062247217,
          -0.0008167471,
          -0.99998045,
          0,
          -0.87854743,
          0.4776283,
          0.0050786827,
          0,
          0.47761467,
          0.8785617,
          -0.0036906113,
          0,
          4.1790047,
          5.313951,
          0.6754296,
          1
        ]
      },
      {
        "date" : 752574027.905069,
        "title" : "Untitled",
        "transform" : [
          -0.0005806519,
          -0.0008167471,
          -0.9999996,
          0,
          -0.97363675,
          0.22810417,
          0.00037901182,
          0,
          0.22810368,
          0.9736364,
          -0.00092762196,
          0,
          2.6202002,
          6.229293,
          0.69916075,
          1
        ]
      },
      {
        "date" : 752574025.131443,
        "title" : "Untitled",
        "transform" : [
          -0.06626625,
          -0.0008167471,
          -0.9978017,
          0,
          -0.967248,
          0.24562325,
          0.06403603,
          0,
          0.24503091,
          0.96936506,
          -0.01706648,
          0,
          2.772111,
          6.1810412,
          0.51816297,
          1
        ]
      },
      {
        "date" : 752574023.470456,
        "title" : "Untitled",
        "transform" : [
          -0.06626625,
          -0.0008167475,
          -0.9978018,
          0,
          -0.97613114,
          0.20733403,
          0.06465732,
          0,
          0.20682539,
          0.9782699,
          -0.014536455,
          0,
          2.5276191,
          6.28363,
          0.53431624,
          1
        ]
      },
      {
        "date" : 752573997.037708,
        "title" : "Untitled",
        "transform" : [
          0.042118352,
          -0.0008167457,
          -0.99911237,
          0,
          -0.7595841,
          0.64959407,
          -0.03255191,
          0,
          0.6490439,
          0.76028085,
          0.02673948,
          0,
          5.152543,
          4.3316436,
          0.92006505,
          1
        ]
      },
      {
        "date" : 752573901.554434,
        "title" : "Untitled",
        "transform" : [
          0.04057083,
          -0.0008167457,
          -0.9991764,
          0,
          -0.76105237,
          0.64792854,
          -0.031431638,
          0,
          0.64742047,
          0.76170075,
          0.025665445,
          0,
          7.467434,
          6.3040314,
          1.3233563,
          1
        ]
      },
      {
        "date" : 752498412.009198,
        "title" : "Untitled",
        "transform" : [
          0.04057083,
          -0.0008167457,
          -0.9991764,
          0,
          -0.76105237,
          0.64792854,
          -0.031431638,
          0,
          0.64742047,
          0.76170075,
          0.025665445,
          0,
          4.6955004,
          3.9639564,
          0.83212256,
          1
        ]
      },
      {
        "date" : 752498400.785447,
        "title" : "Untitled",
        "transform" : [
          0.040570825,
          -0.00081674557,
          -0.99917626,
          0,
          -0.76105237,
          0.64792854,
          -0.031431638,
          0,
          0.6474204,
          0.76170063,
          0.025665442,
          0,
          4.930874,
          3.796164,
          -0.1254816,
          1
        ]
      },
      {
        "date" : 752498081.104149,
        "title" : "Untitled",
        "transform" : [
          -0.2783102,
          -0.0008167462,
          -0.960491,
          0,
          -0.68168044,
          0.704651,
          0.19692332,
          0,
          0.67665005,
          0.7095537,
          -0.19666828,
          0,
          3.6987467,
          3.4929113,
          -1.2483317,
          1
        ]
      }
    ]
  },
  "sceneViewportBackgroundColors" : {

  },
  "selectedSceneRelativePath" : "AppleDev.usda"
}