{
  "advancedEditorSelectedIdentifier" : "ProjectBrowser",
  "openSceneRelativePaths" : [
    "Scene.usda"
  ],
  "recentIdentifiers" : {
    "801BB739-7548-43D3-AD07-9343D9CB54CB" : [

    ],
    "CF1064AA-49F7-4917-9EB0-5A96E7D1DA98" : [

    ]
  },
  "sceneCameraHistory" : {
    "3D75F7C0-43E9-473B-A096-6BFEF9EC50B7" : [
      {
        "date" : 750157717.423802,
        "title" : "Untitled",
        "transform" : [
          0.2663482,
          4.0580883e-08,
          -0.9638769,
          0,
          -0.49297646,
          0.85931206,
          -0.13622418,
          0,
          0.828271,
          0.5114516,
          0.22887619,
          0,
          135.41663,
          81.02712,
          40.29933,
          1
        ]
      },
      {
        "date" : 750157715.946135,
        "title" : "Untitled",
        "transform" : [
          0.26634815,
          3.951603e-09,
          -0.9638769,
          0,
          -0.8920695,
          0.37874392,
          -0.24650562,
          0,
          0.36506248,
          0.9255015,
          0.10087774,
          0,
          11.077922,
          40.892696,
          5.7725325,
          1
        ]
      },
      {
        "date" : 750157705.019272,
        "title" : "Untitled",
        "transform" : [
          0.9999406,
          4.5204676e-10,
          0.010901432,
          0,
          0.01089479,
          0.03489958,
          -0.9993315,
          0,
          -0.0003804555,
          0.99939084,
          0.034897495,
          0,
          -8.732773,
          143.9525,
          -9.213577,
          1
        ]
      },
      {
        "date" : 750157700.800718,
        "title" : "Untitled",
        "transform" : [
          0.9999406,
          1.5762663e-10,
          0.010901432,
          0,
          0.004787231,
          0.89841974,
          -0.43911177,
          0,
          -0.009794061,
          0.43913788,
          0.89836633,
          0,
          0.76663995,
          16.693974,
          17.27698,
          1
        ]
      },
      {
        "date" : 750157696.720342,
        "title" : "Untitled",
        "transform" : [
          0.9999406,
          1.5762663e-10,
          0.010901432,
          0,
          0.004787231,
          0.89841974,
          -0.43911177,
          0,
          -0.009794061,
          0.43913788,
          0.89836633,
          0,
          0.4664147,
          34.356834,
          103.604355,
          1
        ]
      },
      {
        "date" : 750157675.330815,
        "title" : "Untitled",
        "transform" : [
          1,
          0,
          0,
          0,
          0,
          0.7071069,
          -0.70710677,
          0,
          0,
          0.70710677,
          0.7071069,
          0,
          0,
          76.47889,
          76.4789,
          1
        ]
      }
    ],
    "801BB739-7548-43D3-AD07-9343D9CB54CB" : [
      {
        "date" : 750157410.924941,
        "title" : "Untitled",
        "transform" : [
          0.61167836,
          5.4015152e-09,
          -0.7911066,
          0,
          -0.10712273,
          0.9907898,
          -0.08282658,
          0,
          0.7838203,
          0.13540871,
          0.60604465,
          0,
          -19.920761,
          21.93209,
          29.77354,
          1
        ]
      },
      {
        "date" : 750157394.475232,
        "title" : "Untitled",
        "transform" : [
          0.691064,
          1.4819127e-08,
          -0.7227935,
          0,
          -0.2753412,
          0.92459965,
          -0.26325414,
          0,
          0.6682946,
          0.3809403,
          0.6389575,
          0,
          -38.632698,
          61.70087,
          35.104614,
          1
        ]
      },
      {
        "date" : 750066558.786985,
        "title" : "Untitled",
        "transform" : [
          0.8204406,
          -8.871819e-09,
          0.57173175,
          0,
          0.2697601,
          0.8816896,
          -0.38710836,
          0,
          -0.50408995,
          0.47182983,
          0.723374,
          0,
          -228.52405,
          76.4223,
          48.777576,
          1
        ]
      },
      {
        "date" : 750066554.603992,
        "title" : "Untitled",
        "transform" : [
          -0.9148629,
          -8.5671814e-10,
          -0.40376475,
          0,
          -0.024875114,
          0.99810046,
          0.05636281,
          0,
          0.40299776,
          0.06160793,
          -0.913125,
          0,
          7.443613,
          9.442457,
          14.327101,
          1
        ]
      },
      {
        "date" : 750066552.021032,
        "title" : "Untitled",
        "transform" : [
          0.58206034,
          -3.9363257e-10,
          0.8131455,
          0,
          -0.02148141,
          0.99965096,
          0.015376678,
          0,
          -0.81286174,
          -0.026417667,
          0.5818572,
          0,
          7.443613,
          9.442457,
          14.327101,
          1
        ]
      },
      {
        "date" : 750066484.742986,
        "title" : "Untitled",
        "transform" : [
          0.5820604,
          -3.699625e-10,
          0.8131456,
          0,
          -0.02148141,
          0.99965096,
          0.015376678,
          0,
          -0.81286174,
          -0.026417667,
          0.5818572,
          0,
          7.443613,
          9.442457,
          14.327101,
          1
        ]
      },
      {
        "date" : 750066470.169639,
        "title" : "Untitled",
        "transform" : [
          -0.47891283,
          9.9764104e-05,
          0.8778624,
          0,
          0.6748477,
          0.63960344,
          0.36808679,
          0,
          -0.561447,
          0.7687051,
          -0.3063816,
          0,
          -165.40033,
          117.3656,
          53.597515,
          1
        ]
      },
      {
        "date" : 750066466.648382,
        "title" : "Untitled",
        "transform" : [
          0.096177965,
          9.976337e-05,
          0.9953641,
          0,
          0.6405666,
          0.76539797,
          -0.061972048,
          0,
          -0.76185584,
          0.64355737,
          0.073550515,
          0,
          -145.1517,
          93.74048,
          137.18738,
          1
        ]
      },
      {
        "date" : 750065751.372347,
        "title" : "Untitled",
        "transform" : [
          0.096581206,
          0.0005815919,
          0.99532497,
          0,
          0.6405059,
          0.76539767,
          -0.06259863,
          0,
          -0.76185584,
          0.64355737,
          0.073550515,
          0,
          -145.1517,
          93.74048,
          137.18738,
          1
        ]
      },
      {
        "date" : 750065741.808391,
        "title" : "Untitled",
        "transform" : [
          0.59807444,
          -1.8178428e-08,
          0.80144054,
          0,
          0.53503394,
          0.7445289,
          -0.39926872,
          0,
          -0.5966956,
          0.6675903,
          0.44528377,
          0,
          -145.1517,
          93.74048,
          137.18738,
          1
        ]
      }
    ],
    "CF1064AA-49F7-4917-9EB0-5A96E7D1DA98" : [
      {
        "date" : 750161717.455425,
        "title" : "Untitled",
        "transform" : [
          -0.18733402,
          3.08315e-08,
          -0.9822963,
          0,
          -0.84536153,
          0.509286,
          0.1612192,
          0,
          0.5002698,
          0.8605973,
          -0.09540648,
          0,
          7.65342,
          11.521572,
          -1.1844728,
          1
        ]
      },
      {
        "date" : 750161670.645172,
        "title" : "Untitled",
        "transform" : [
          -0.18733402,
          3.08315e-08,
          -0.9822963,
          0,
          -0.84536153,
          0.509286,
          0.1612192,
          0,
          0.5002698,
          0.8605973,
          -0.09540648,
          0,
          2.3230598,
          2.3519516,
          -0.1679196,
          1
        ]
      },
      {
        "date" : 750161667.021254,
        "title" : "Untitled",
        "transform" : [
          0.6062634,
          3.3883126e-08,
          -0.7952639,
          0,
          -0.7658618,
          0.26939943,
          -0.58384895,
          0,
          0.21424362,
          0.96302855,
          0.16332716,
          0,
          1.1296171,
          2.8702126,
          1.2009685,
          1
        ]
      },
      {
        "date" : 750161661.409673,
        "title" : "Untitled",
        "transform" : [
          0.6062634,
          3.3883126e-08,
          -0.7952639,
          0,
          -0.7658618,
          0.26939943,
          -0.58384895,
          0,
          0.21424362,
          0.96302855,
          0.16332716,
          0,
          0.048311334,
          0.12275292,
          0.051362883,
          1
        ]
      },
      {
        "date" : 750160809.287533,
        "title" : "Untitled",
        "transform" : [
          0.48983824,
          3.8103188e-08,
          -0.87181336,
          0,
          -0.8712822,
          0.03489955,
          -0.48953983,
          0,
          0.030425876,
          0.99939084,
          0.017095251,
          0,
          19.186806,
          106.717026,
          15.42563,
          1
        ]
      },
      {
        "date" : 750160805.302705,
        "title" : "Untitled",
        "transform" : [
          0.53965306,
          3.8103188e-08,
          -0.84188753,
          0,
          -0.84137464,
          0.03489955,
          -0.5393243,
          0,
          0.029381473,
          0.99939084,
          0.018833764,
          0,
          19.61649,
          125.138466,
          15.957859,
          1
        ]
      },
      {
        "date" : 750160546.640383,
        "title" : "Untitled",
        "transform" : [
          0.53965306,
          3.8103188e-08,
          -0.84188753,
          0,
          -0.84137464,
          0.03489955,
          -0.5393243,
          0,
          0.029381473,
          0.99939084,
          0.018833764,
          0,
          8.053681,
          51.37644,
          6.551606,
          1
        ]
      },
      {
        "date" : 750160528.982322,
        "title" : "Untitled",
        "transform" : [
          0.22899088,
          3.6574853e-08,
          -0.97342855,
          0,
          -0.7932917,
          0.5795368,
          -0.18661523,
          0,
          0.5641377,
          0.814946,
          0.13270873,
          0,
          39.520355,
          33.443382,
          16.243698,
          1
        ]
      },
      {
        "date" : 750160224.525215,
        "title" : "Untitled",
        "transform" : [
          0.32299384,
          3.60677e-08,
          -0.9464011,
          0,
          -0.5441444,
          0.8181804,
          -0.18570906,
          0,
          0.7743267,
          0.57496166,
          0.26426724,
          0,
          46.01512,
          17.455109,
          22.84959,
          1
        ]
      },
      {
        "date" : 750157667.577709,
        "title" : "Untitled",
        "transform" : [
          0.3229938,
          5.7936664e-09,
          -0.94640106,
          0,
          -0.5441444,
          0.8181803,
          -0.18570906,
          0,
          0.7743266,
          0.5749618,
          0.26426712,
          0,
          132.68463,
          101.95375,
          41.600334,
          1
        ]
      }
    ]
  },
  "sceneViewportBackgroundColors" : {

  },
  "selectedSceneRelativePath" : "Scene.usda"
}