{
  "advancedEditorSelectedIdentifier" : "ProjectBrowser",
  "openSceneRelativePaths" : [
    "Scene.usda",
    "SMS Lt 2 3D Mapping.usdc"
  ],
  "recentIdentifiers" : {
    "801BB739-7548-43D3-AD07-9343D9CB54CB" : [

    ],
    "CF1064AA-49F7-4917-9EB0-5A96E7D1DA98" : [

    ]
  },
  "sceneCameraHistory" : {
    "801BB739-7548-43D3-AD07-9343D9CB54CB" : [
      {
        "date" : 750066558.786985,
        "title" : "Untitled",
        "transform" : [
          0.8204406,
          -8.871819e-09,
          0.57173175,
          0,
          0.2697601,
          0.8816896,
          -0.38710836,
          0,
          -0.50408995,
          0.47182983,
          0.723374,
          0,
          -228.52405,
          76.4223,
          48.777576,
          1
        ]
      },
      {
        "date" : 750066554.603992,
        "title" : "Untitled",
        "transform" : [
          -0.9148629,
          -8.5671814e-10,
          -0.40376475,
          0,
          -0.024875114,
          0.99810046,
          0.05636281,
          0,
          0.40299776,
          0.06160793,
          -0.913125,
          0,
          7.443613,
          9.442457,
          14.327101,
          1
        ]
      },
      {
        "date" : 750066552.021032,
        "title" : "Untitled",
        "transform" : [
          0.58206034,
          -3.9363257e-10,
          0.8131455,
          0,
          -0.02148141,
          0.99965096,
          0.015376678,
          0,
          -0.81286174,
          -0.026417667,
          0.5818572,
          0,
          7.443613,
          9.442457,
          14.327101,
          1
        ]
      },
      {
        "date" : 750066484.742986,
        "title" : "Untitled",
        "transform" : [
          0.5820604,
          -3.699625e-10,
          0.8131456,
          0,
          -0.02148141,
          0.99965096,
          0.015376678,
          0,
          -0.81286174,
          -0.026417667,
          0.5818572,
          0,
          7.443613,
          9.442457,
          14.327101,
          1
        ]
      },
      {
        "date" : 750066470.169639,
        "title" : "Untitled",
        "transform" : [
          -0.47891283,
          9.9764104e-05,
          0.8778624,
          0,
          0.6748477,
          0.63960344,
          0.36808679,
          0,
          -0.561447,
          0.7687051,
          -0.3063816,
          0,
          -165.40033,
          117.3656,
          53.597515,
          1
        ]
      },
      {
        "date" : 750066466.648382,
        "title" : "Untitled",
        "transform" : [
          0.096177965,
          9.976337e-05,
          0.9953641,
          0,
          0.6405666,
          0.76539797,
          -0.061972048,
          0,
          -0.76185584,
          0.64355737,
          0.073550515,
          0,
          -145.1517,
          93.74048,
          137.18738,
          1
        ]
      },
      {
        "date" : 750065751.372347,
        "title" : "Untitled",
        "transform" : [
          0.096581206,
          0.0005815919,
          0.99532497,
          0,
          0.6405059,
          0.76539767,
          -0.06259863,
          0,
          -0.76185584,
          0.64355737,
          0.073550515,
          0,
          -145.1517,
          93.74048,
          137.18738,
          1
        ]
      },
      {
        "date" : 750065741.808391,
        "title" : "Untitled",
        "transform" : [
          0.59807444,
          -1.8178428e-08,
          0.80144054,
          0,
          0.53503394,
          0.7445289,
          -0.39926872,
          0,
          -0.5966956,
          0.6675903,
          0.44528377,
          0,
          -145.1517,
          93.74048,
          137.18738,
          1
        ]
      },
      {
        "date" : 750065738.594106,
        "title" : "Untitled",
        "transform" : [
          0.59807444,
          -1.8178428e-08,
          0.80144054,
          0,
          0.53503394,
          0.7445289,
          -0.39926872,
          0,
          -0.5966956,
          0.6675903,
          0.44528377,
          0,
          367.01584,
          -373.5616,
          252.5426,
          1
        ]
      },
      {
        "date" : 749580374.199954,
        "title" : "Untitled",
        "transform" : [
          0.5980744,
          2.8912002e-09,
          0.80144054,
          0,
          0.53503394,
          0.74452883,
          -0.39926872,
          0,
          -0.59669554,
          0.6675905,
          0.4452836,
          0,
          -96.5166,
          113.95929,
          85.601585,
          1
        ]
      }
    ],
    "CF1064AA-49F7-4917-9EB0-5A96E7D1DA98" : [
      {
        "date" : 749633623.026595,
        "title" : "Untitled",
        "transform" : [
          0.98977375,
          -8.824665e-09,
          -0.14264606,
          0,
          -0.07211062,
          0.86281407,
          -0.5003518,
          0,
          0.12307703,
          0.5055214,
          0.8539907,
          0,
          56.414574,
          255.17204,
          462.779,
          1
        ]
      },
      {
        "date" : 749633621.09456,
        "title" : "Untitled",
        "transform" : [
          0.98977375,
          -9.521159e-09,
          -0.14264606,
          0,
          -0.07212775,
          0.86274374,
          -0.50047064,
          0,
          0.123067,
          0.50564146,
          0.85392106,
          0,
          56.192043,
          254.22629,
          461.1048,
          1
        ]
      },
      {
        "date" : 749633618.112169,
        "title" : "Untitled",
        "transform" : [
          0.98977375,
          -1.0689923e-08,
          -0.14264606,
          0,
          -0.07210763,
          0.86282635,
          -0.500331,
          0,
          0.12307878,
          0.5055004,
          0.8540029,
          0,
          18.573391,
          84.14928,
          152.66699,
          1
        ]
      },
      {
        "date" : 749555859.21496,
        "title" : "Untitled",
        "transform" : [
          0.98977375,
          -1.0689923e-08,
          -0.14264606,
          0,
          -0.07210763,
          0.86282635,
          -0.500331,
          0,
          0.12307878,
          0.5055004,
          0.8540029,
          0,
          56.276382,
          254.96779,
          462.5728,
          1
        ]
      },
      {
        "date" : 749555607.753144,
        "title" : "Untitled",
        "transform" : [
          0.9897738,
          -7.793167e-09,
          -0.14264607,
          0,
          -0.06970129,
          0.8724905,
          -0.4836342,
          0,
          0.12445735,
          0.48863104,
          0.8635682,
          0,
          -10.814682,
          97.97271,
          244.5727,
          1
        ]
      },
      {
        "date" : 749555590.301825,
        "title" : "Untitled",
        "transform" : [
          0.98977387,
          1.7003194e-08,
          -0.14264609,
          0,
          -0.06941808,
          0.8735994,
          -0.48166928,
          0,
          0.12461554,
          0.48664576,
          0.8646658,
          0,
          -18.625818,
          79.71422,
          219.23198,
          1
        ]
      },
      {
        "date" : 749555455.669263,
        "title" : "Untitled",
        "transform" : [
          0.936029,
          1.502464e-08,
          -0.35192308,
          0,
          -0.21833391,
          0.7842836,
          -0.58071476,
          0,
          0.27600747,
          0.6204025,
          0.73411214,
          0,
          23.427755,
          113.04401,
          203.55867,
          1
        ]
      },
      {
        "date" : 749555220.13409,
        "title" : "Untitled",
        "transform" : [
          0.8863271,
          -2.0704695e-08,
          -0.46305978,
          0,
          -0.4627777,
          0.034899607,
          -0.8857871,
          0,
          0.016160594,
          0.99939084,
          0.030932477,
          0,
          -24.361969,
          224.68637,
          60.716248,
          1
        ]
      },
      {
        "date" : 749553274.207274,
        "title" : "Untitled",
        "transform" : [
          1,
          0,
          -0,
          0,
          -0,
          0.8674516,
          -0.49752158,
          0,
          0,
          0.49752158,
          0.8674516,
          0,
          -8.008583,
          128.17503,
          187.05833,
          1
        ]
      },
      {
        "date" : 749553205.989341,
        "title" : "Untitled",
        "transform" : [
          1,
          0,
          0,
          0,
          0,
          0.86745167,
          -0.4975216,
          0,
          0,
          0.4975216,
          0.86745167,
          0,
          -3.7428508,
          142.52037,
          257.06543,
          1
        ]
      }
    ]
  },
  "sceneViewportBackgroundColors" : {

  },
  "selectedSceneRelativePath" : "SMS Lt 2 3D Mapping.usdc"
}