{
  "advancedEditorSelectedIdentifier" : "ProjectBrowser",
  "openSceneRelativePaths" : [
    "Scene.usda",
    "SMS Lt 2 3D Mapping.usdc"
  ],
  "recentIdentifiers" : {
    "801BB739-7548-43D3-AD07-9343D9CB54CB" : [

    ],
    "CF1064AA-49F7-4917-9EB0-5A96E7D1DA98" : [

    ]
  },
  "sceneCameraHistory" : {
    "801BB739-7548-43D3-AD07-9343D9CB54CB" : [
      {
        "date" : 749580374.199954,
        "title" : "Untitled",
        "transform" : [
          0.5980744,
          2.8912002e-09,
          0.80144054,
          0,
          0.53503394,
          0.74452883,
          -0.39926872,
          0,
          -0.59669554,
          0.6675905,
          0.4452836,
          0,
          -96.5166,
          113.95929,
          85.601585,
          1
        ]
      },
      {
        "date" : 749580296.266416,
        "title" : "Untitled",
        "transform" : [
          0.118414216,
          3.9784465e-09,
          0.9929642,
          0,
          0.6998365,
          0.7094108,
          -0.083457835,
          0,
          -0.70441943,
          0.7047954,
          0.08400433,
          0,
          -126.74609,
          119.253654,
          40.140095,
          1
        ]
      },
      {
        "date" : 749580256.355956,
        "title" : "Untitled",
        "transform" : [
          0.118414216,
          3.9784465e-09,
          0.9929642,
          0,
          0.6998365,
          0.7094108,
          -0.083457835,
          0,
          -0.70441943,
          0.7047954,
          0.08400433,
          0,
          -97.123856,
          72.36795,
          26.579746,
          1
        ]
      },
      {
        "date" : 749580250.991098,
        "title" : "Untitled",
        "transform" : [
          0.118414216,
          3.9784465e-09,
          0.9929642,
          0,
          0.6998365,
          0.7094108,
          -0.083457835,
          0,
          -0.70441943,
          0.7047954,
          0.08400433,
          0,
          -66.39578,
          24.94183,
          13.2166,
          1
        ]
      },
      {
        "date" : 749580233.444979,
        "title" : "Untitled",
        "transform" : [
          0.118414216,
          3.9784465e-09,
          0.9929642,
          0,
          0.6998365,
          0.7094108,
          -0.083457835,
          0,
          -0.70441943,
          0.7047954,
          0.08400433,
          0,
          -104.772545,
          96.454735,
          37.046425,
          1
        ]
      },
      {
        "date" : 749579865.593078,
        "title" : "Untitled",
        "transform" : [
          0.118414216,
          3.9784465e-09,
          0.9929642,
          0,
          0.6998365,
          0.7094108,
          -0.083457835,
          0,
          -0.70441943,
          0.7047954,
          0.08400433,
          0,
          -86.17049,
          63.092136,
          26.252121,
          1
        ]
      },
      {
        "date" : 749579277.222036,
        "title" : "Untitled",
        "transform" : [
          0.5127593,
          3.5985637e-09,
          0.85853237,
          0,
          0.63161975,
          0.6773107,
          -0.3772356,
          0,
          -0.5814931,
          0.7356972,
          0.34729734,
          0,
          -63.617565,
          65.55453,
          42.88341,
          1
        ]
      },
      {
        "date" : 749556430.946368,
        "title" : "Untitled",
        "transform" : [
          -0.16867162,
          1.9011641e-09,
          0.98567235,
          0,
          0.3693026,
          0.9271579,
          0.06319625,
          0,
          -0.9138738,
          0.37467092,
          -0.15638515,
          0,
          -315.61127,
          86.31349,
          -40.10145,
          1
        ]
      },
      {
        "date" : 749556428.098617,
        "title" : "Untitled",
        "transform" : [
          0.1530656,
          -1.415529e-09,
          0.9882161,
          0,
          0.598677,
          0.7956048,
          -0.09272965,
          0,
          -0.7862294,
          0.605816,
          0.12177977,
          0,
          -268.66754,
          156.93541,
          44.949287,
          1
        ]
      },
      {
        "date" : 749556424.696161,
        "title" : "Untitled",
        "transform" : [
          0.08253779,
          5.7890404e-10,
          0.996588,
          0,
          0.22194794,
          0.9748852,
          -0.018381888,
          0,
          -0.9715588,
          0.22270797,
          0.08046493,
          0,
          -330.8398,
          39.52943,
          32.926334,
          1
        ]
      }
    ],
    "CF1064AA-49F7-4917-9EB0-5A96E7D1DA98" : [
      {
        "date" : 749633623.026595,
        "title" : "Untitled",
        "transform" : [
          0.98977375,
          -8.824665e-09,
          -0.14264606,
          0,
          -0.07211062,
          0.86281407,
          -0.5003518,
          0,
          0.12307703,
          0.5055214,
          0.8539907,
          0,
          56.414574,
          255.17204,
          462.779,
          1
        ]
      },
      {
        "date" : 749633621.09456,
        "title" : "Untitled",
        "transform" : [
          0.98977375,
          -9.521159e-09,
          -0.14264606,
          0,
          -0.07212775,
          0.86274374,
          -0.50047064,
          0,
          0.123067,
          0.50564146,
          0.85392106,
          0,
          56.192043,
          254.22629,
          461.1048,
          1
        ]
      },
      {
        "date" : 749633618.112169,
        "title" : "Untitled",
        "transform" : [
          0.98977375,
          -1.0689923e-08,
          -0.14264606,
          0,
          -0.07210763,
          0.86282635,
          -0.500331,
          0,
          0.12307878,
          0.5055004,
          0.8540029,
          0,
          18.573391,
          84.14928,
          152.66699,
          1
        ]
      },
      {
        "date" : 749555859.21496,
        "title" : "Untitled",
        "transform" : [
          0.98977375,
          -1.0689923e-08,
          -0.14264606,
          0,
          -0.07210763,
          0.86282635,
          -0.500331,
          0,
          0.12307878,
          0.5055004,
          0.8540029,
          0,
          56.276382,
          254.96779,
          462.5728,
          1
        ]
      },
      {
        "date" : 749555607.753144,
        "title" : "Untitled",
        "transform" : [
          0.9897738,
          -7.793167e-09,
          -0.14264607,
          0,
          -0.06970129,
          0.8724905,
          -0.4836342,
          0,
          0.12445735,
          0.48863104,
          0.8635682,
          0,
          -10.814682,
          97.97271,
          244.5727,
          1
        ]
      },
      {
        "date" : 749555590.301825,
        "title" : "Untitled",
        "transform" : [
          0.98977387,
          1.7003194e-08,
          -0.14264609,
          0,
          -0.06941808,
          0.8735994,
          -0.48166928,
          0,
          0.12461554,
          0.48664576,
          0.8646658,
          0,
          -18.625818,
          79.71422,
          219.23198,
          1
        ]
      },
      {
        "date" : 749555455.669263,
        "title" : "Untitled",
        "transform" : [
          0.936029,
          1.502464e-08,
          -0.35192308,
          0,
          -0.21833391,
          0.7842836,
          -0.58071476,
          0,
          0.27600747,
          0.6204025,
          0.73411214,
          0,
          23.427755,
          113.04401,
          203.55867,
          1
        ]
      },
      {
        "date" : 749555220.13409,
        "title" : "Untitled",
        "transform" : [
          0.8863271,
          -2.0704695e-08,
          -0.46305978,
          0,
          -0.4627777,
          0.034899607,
          -0.8857871,
          0,
          0.016160594,
          0.99939084,
          0.030932477,
          0,
          -24.361969,
          224.68637,
          60.716248,
          1
        ]
      },
      {
        "date" : 749553274.207274,
        "title" : "Untitled",
        "transform" : [
          1,
          0,
          -0,
          0,
          -0,
          0.8674516,
          -0.49752158,
          0,
          0,
          0.49752158,
          0.8674516,
          0,
          -8.008583,
          128.17503,
          187.05833,
          1
        ]
      },
      {
        "date" : 749553205.989341,
        "title" : "Untitled",
        "transform" : [
          1,
          0,
          0,
          0,
          0,
          0.86745167,
          -0.4975216,
          0,
          0,
          0.4975216,
          0.86745167,
          0,
          -3.7428508,
          142.52037,
          257.06543,
          1
        ]
      }
    ]
  },
  "sceneViewportBackgroundColors" : {

  },
  "selectedSceneRelativePath" : "SMS Lt 2 3D Mapping.usdc"
}