{
  "advancedEditorSelectedIdentifier" : "BehaviorsPluginID",
  "openSceneRelativePaths" : [
    "Scene.usda"
  ],
  "recentIdentifiers" : {
    "801BB739-7548-43D3-AD07-9343D9CB54CB" : [

    ],
    "CF1064AA-49F7-4917-9EB0-5A96E7D1DA98" : [

    ]
  },
  "sceneCameraHistory" : {
    "3D75F7C0-43E9-473B-A096-6BFEF9EC50B7" : [
      {
        "date" : 750157717.423802,
        "title" : "Untitled",
        "transform" : [
          0.2663482,
          4.0580883e-08,
          -0.9638769,
          0,
          -0.49297646,
          0.85931206,
          -0.13622418,
          0,
          0.828271,
          0.5114516,
          0.22887619,
          0,
          135.41663,
          81.02712,
          40.29933,
          1
        ]
      },
      {
        "date" : 750157715.946135,
        "title" : "Untitled",
        "transform" : [
          0.26634815,
          3.951603e-09,
          -0.9638769,
          0,
          -0.8920695,
          0.37874392,
          -0.24650562,
          0,
          0.36506248,
          0.9255015,
          0.10087774,
          0,
          11.077922,
          40.892696,
          5.7725325,
          1
        ]
      },
      {
        "date" : 750157705.019272,
        "title" : "Untitled",
        "transform" : [
          0.9999406,
          4.5204676e-10,
          0.010901432,
          0,
          0.01089479,
          0.03489958,
          -0.9993315,
          0,
          -0.0003804555,
          0.99939084,
          0.034897495,
          0,
          -8.732773,
          143.9525,
          -9.213577,
          1
        ]
      },
      {
        "date" : 750157700.800718,
        "title" : "Untitled",
        "transform" : [
          0.9999406,
          1.5762663e-10,
          0.010901432,
          0,
          0.004787231,
          0.89841974,
          -0.43911177,
          0,
          -0.009794061,
          0.43913788,
          0.89836633,
          0,
          0.76663995,
          16.693974,
          17.27698,
          1
        ]
      },
      {
        "date" : 750157696.720342,
        "title" : "Untitled",
        "transform" : [
          0.9999406,
          1.5762663e-10,
          0.010901432,
          0,
          0.004787231,
          0.89841974,
          -0.43911177,
          0,
          -0.009794061,
          0.43913788,
          0.89836633,
          0,
          0.4664147,
          34.356834,
          103.604355,
          1
        ]
      },
      {
        "date" : 750157675.330815,
        "title" : "Untitled",
        "transform" : [
          1,
          0,
          0,
          0,
          0,
          0.7071069,
          -0.70710677,
          0,
          0,
          0.70710677,
          0.7071069,
          0,
          0,
          76.47889,
          76.4789,
          1
        ]
      }
    ],
    "801BB739-7548-43D3-AD07-9343D9CB54CB" : [
      {
        "date" : 750157410.924941,
        "title" : "Untitled",
        "transform" : [
          0.61167836,
          5.4015152e-09,
          -0.7911066,
          0,
          -0.10712273,
          0.9907898,
          -0.08282658,
          0,
          0.7838203,
          0.13540871,
          0.60604465,
          0,
          -19.920761,
          21.93209,
          29.77354,
          1
        ]
      },
      {
        "date" : 750157394.475232,
        "title" : "Untitled",
        "transform" : [
          0.691064,
          1.4819127e-08,
          -0.7227935,
          0,
          -0.2753412,
          0.92459965,
          -0.26325414,
          0,
          0.6682946,
          0.3809403,
          0.6389575,
          0,
          -38.632698,
          61.70087,
          35.104614,
          1
        ]
      },
      {
        "date" : 750066558.786985,
        "title" : "Untitled",
        "transform" : [
          0.8204406,
          -8.871819e-09,
          0.57173175,
          0,
          0.2697601,
          0.8816896,
          -0.38710836,
          0,
          -0.50408995,
          0.47182983,
          0.723374,
          0,
          -228.52405,
          76.4223,
          48.777576,
          1
        ]
      },
      {
        "date" : 750066554.603992,
        "title" : "Untitled",
        "transform" : [
          -0.9148629,
          -8.5671814e-10,
          -0.40376475,
          0,
          -0.024875114,
          0.99810046,
          0.05636281,
          0,
          0.40299776,
          0.06160793,
          -0.913125,
          0,
          7.443613,
          9.442457,
          14.327101,
          1
        ]
      },
      {
        "date" : 750066552.021032,
        "title" : "Untitled",
        "transform" : [
          0.58206034,
          -3.9363257e-10,
          0.8131455,
          0,
          -0.02148141,
          0.99965096,
          0.015376678,
          0,
          -0.81286174,
          -0.026417667,
          0.5818572,
          0,
          7.443613,
          9.442457,
          14.327101,
          1
        ]
      },
      {
        "date" : 750066484.742986,
        "title" : "Untitled",
        "transform" : [
          0.5820604,
          -3.699625e-10,
          0.8131456,
          0,
          -0.02148141,
          0.99965096,
          0.015376678,
          0,
          -0.81286174,
          -0.026417667,
          0.5818572,
          0,
          7.443613,
          9.442457,
          14.327101,
          1
        ]
      },
      {
        "date" : 750066470.169639,
        "title" : "Untitled",
        "transform" : [
          -0.47891283,
          9.9764104e-05,
          0.8778624,
          0,
          0.6748477,
          0.63960344,
          0.36808679,
          0,
          -0.561447,
          0.7687051,
          -0.3063816,
          0,
          -165.40033,
          117.3656,
          53.597515,
          1
        ]
      },
      {
        "date" : 750066466.648382,
        "title" : "Untitled",
        "transform" : [
          0.096177965,
          9.976337e-05,
          0.9953641,
          0,
          0.6405666,
          0.76539797,
          -0.061972048,
          0,
          -0.76185584,
          0.64355737,
          0.073550515,
          0,
          -145.1517,
          93.74048,
          137.18738,
          1
        ]
      },
      {
        "date" : 750065751.372347,
        "title" : "Untitled",
        "transform" : [
          0.096581206,
          0.0005815919,
          0.99532497,
          0,
          0.6405059,
          0.76539767,
          -0.06259863,
          0,
          -0.76185584,
          0.64355737,
          0.073550515,
          0,
          -145.1517,
          93.74048,
          137.18738,
          1
        ]
      },
      {
        "date" : 750065741.808391,
        "title" : "Untitled",
        "transform" : [
          0.59807444,
          -1.8178428e-08,
          0.80144054,
          0,
          0.53503394,
          0.7445289,
          -0.39926872,
          0,
          -0.5966956,
          0.6675903,
          0.44528377,
          0,
          -145.1517,
          93.74048,
          137.18738,
          1
        ]
      }
    ],
    "CF1064AA-49F7-4917-9EB0-5A96E7D1DA98" : [
      {
        "date" : 750162969.092565,
        "title" : "Untitled",
        "transform" : [
          -0.8764557,
          -3.013703e-08,
          -0.48148292,
          0,
          -0.04050513,
          0.99645525,
          0.0737324,
          0,
          0.4797761,
          0.08412566,
          -0.8733487,
          0,
          5.9979315,
          1.1507158,
          -8.333834,
          1
        ]
      },
      {
        "date" : 750162918.237725,
        "title" : "Untitled",
        "transform" : [
          -0.9700159,
          -4.6150962e-08,
          -0.24304181,
          0,
          -0.23851041,
          0.19220193,
          0.9519303,
          0,
          0.04671306,
          0.98135555,
          -0.18643895,
          0,
          1.3895552,
          10.094138,
          -0.7434788,
          1
        ]
      },
      {
        "date" : 750162861.015697,
        "title" : "Untitled",
        "transform" : [
          -0.4986625,
          -4.34273e-08,
          -0.8667964,
          0,
          -0.4830393,
          0.83033156,
          0.27788943,
          0,
          0.71972835,
          0.5572698,
          -0.41405526,
          0,
          8.470473,
          5.97602,
          -3.675705,
          1
        ]
      },
      {
        "date" : 750162846.482611,
        "title" : "Untitled",
        "transform" : [
          -0.5397701,
          -5.4474437e-08,
          -0.8418126,
          0,
          -0.8058585,
          0.28913054,
          0.51671636,
          0,
          0.24339364,
          0.95728976,
          -0.15606406,
          0,
          3.3861585,
          9.886119,
          -0.89362305,
          1
        ]
      },
      {
        "date" : 750162764.01214,
        "title" : "Untitled",
        "transform" : [
          -0.47973785,
          -2.6806685e-08,
          -0.8774119,
          0,
          -0.43954554,
          0.86547226,
          0.24032795,
          0,
          0.75937563,
          0.5009569,
          -0.41519982,
          0,
          8.580336,
          4.93628,
          -3.4656792,
          1
        ]
      },
      {
        "date" : 750162751.309817,
        "title" : "Untitled",
        "transform" : [
          -0.47461542,
          -2.6806685e-08,
          -0.8801933,
          0,
          -0.4409389,
          0.86547226,
          0.23776184,
          0,
          0.7617828,
          0.5009569,
          -0.41076648,
          0,
          21.37092,
          14.00835,
          -11.144722,
          1
        ]
      },
      {
        "date" : 750162749.827103,
        "title" : "Untitled",
        "transform" : [
          -0.47461545,
          -1.4273932e-08,
          -0.8801933,
          0,
          -0.68595946,
          0.62661576,
          0.36988127,
          0,
          0.551543,
          0.7793282,
          -0.29740152,
          0,
          4.1377625,
          7.921272,
          -2.030648,
          1
        ]
      },
      {
        "date" : 750162689.957869,
        "title" : "Untitled",
        "transform" : [
          0.9150354,
          1.42885455e-08,
          -0.40337345,
          0,
          -0.40312776,
          0.03489961,
          -0.914478,
          0,
          0.014077597,
          0.99939084,
          0.031934377,
          0,
          -0.5879159,
          9.101783,
          -0.89614373,
          1
        ]
      },
      {
        "date" : 750162561.65007,
        "title" : "Untitled",
        "transform" : [
          -0.18733396,
          3.1184708e-08,
          -0.9822963,
          0,
          -0.8324415,
          0.53088427,
          0.15875514,
          0,
          0.5214856,
          0.84744436,
          -0.09945261,
          0,
          6.385909,
          8.293512,
          -0.63096684,
          1
        ]
      },
      {
        "date" : 750162148.828524,
        "title" : "Untitled",
        "transform" : [
          -0.18733399,
          6.0987034e-08,
          -0.9822963,
          0,
          -0.83244145,
          0.5308842,
          0.15875517,
          0,
          0.5214856,
          0.8474444,
          -0.09945258,
          0,
          8.315248,
          11.562403,
          -1.3025082,
          1
        ]
      }
    ]
  },
  "sceneViewportBackgroundColors" : {

  },
  "selectedSceneRelativePath" : "Scene.usda"
}