{
  "advancedEditorSelectedIdentifier" : "ProjectBrowser",
  "openSceneRelativePaths" : [
    "Scene.usda"
  ],
  "recentIdentifiers" : {
    "801BB739-7548-43D3-AD07-9343D9CB54CB" : [

    ],
    "CF1064AA-49F7-4917-9EB0-5A96E7D1DA98" : [

    ]
  },
  "sceneCameraHistory" : {
    "3D75F7C0-43E9-473B-A096-6BFEF9EC50B7" : [
      {
        "date" : 750157717.423802,
        "title" : "Untitled",
        "transform" : [
          0.2663482,
          4.0580883e-08,
          -0.9638769,
          0,
          -0.49297646,
          0.85931206,
          -0.13622418,
          0,
          0.828271,
          0.5114516,
          0.22887619,
          0,
          135.41663,
          81.02712,
          40.29933,
          1
        ]
      },
      {
        "date" : 750157715.946135,
        "title" : "Untitled",
        "transform" : [
          0.26634815,
          3.951603e-09,
          -0.9638769,
          0,
          -0.8920695,
          0.37874392,
          -0.24650562,
          0,
          0.36506248,
          0.9255015,
          0.10087774,
          0,
          11.077922,
          40.892696,
          5.7725325,
          1
        ]
      },
      {
        "date" : 750157705.019272,
        "title" : "Untitled",
        "transform" : [
          0.9999406,
          4.5204676e-10,
          0.010901432,
          0,
          0.01089479,
          0.03489958,
          -0.9993315,
          0,
          -0.0003804555,
          0.99939084,
          0.034897495,
          0,
          -8.732773,
          143.9525,
          -9.213577,
          1
        ]
      },
      {
        "date" : 750157700.800718,
        "title" : "Untitled",
        "transform" : [
          0.9999406,
          1.5762663e-10,
          0.010901432,
          0,
          0.004787231,
          0.89841974,
          -0.43911177,
          0,
          -0.009794061,
          0.43913788,
          0.89836633,
          0,
          0.76663995,
          16.693974,
          17.27698,
          1
        ]
      },
      {
        "date" : 750157696.720342,
        "title" : "Untitled",
        "transform" : [
          0.9999406,
          1.5762663e-10,
          0.010901432,
          0,
          0.004787231,
          0.89841974,
          -0.43911177,
          0,
          -0.009794061,
          0.43913788,
          0.89836633,
          0,
          0.4664147,
          34.356834,
          103.604355,
          1
        ]
      },
      {
        "date" : 750157675.330815,
        "title" : "Untitled",
        "transform" : [
          1,
          0,
          0,
          0,
          0,
          0.7071069,
          -0.70710677,
          0,
          0,
          0.70710677,
          0.7071069,
          0,
          0,
          76.47889,
          76.4789,
          1
        ]
      }
    ],
    "801BB739-7548-43D3-AD07-9343D9CB54CB" : [
      {
        "date" : 750157410.924941,
        "title" : "Untitled",
        "transform" : [
          0.61167836,
          5.4015152e-09,
          -0.7911066,
          0,
          -0.10712273,
          0.9907898,
          -0.08282658,
          0,
          0.7838203,
          0.13540871,
          0.60604465,
          0,
          -19.920761,
          21.93209,
          29.77354,
          1
        ]
      },
      {
        "date" : 750157394.475232,
        "title" : "Untitled",
        "transform" : [
          0.691064,
          1.4819127e-08,
          -0.7227935,
          0,
          -0.2753412,
          0.92459965,
          -0.26325414,
          0,
          0.6682946,
          0.3809403,
          0.6389575,
          0,
          -38.632698,
          61.70087,
          35.104614,
          1
        ]
      },
      {
        "date" : 750066558.786985,
        "title" : "Untitled",
        "transform" : [
          0.8204406,
          -8.871819e-09,
          0.57173175,
          0,
          0.2697601,
          0.8816896,
          -0.38710836,
          0,
          -0.50408995,
          0.47182983,
          0.723374,
          0,
          -228.52405,
          76.4223,
          48.777576,
          1
        ]
      },
      {
        "date" : 750066554.603992,
        "title" : "Untitled",
        "transform" : [
          -0.9148629,
          -8.5671814e-10,
          -0.40376475,
          0,
          -0.024875114,
          0.99810046,
          0.05636281,
          0,
          0.40299776,
          0.06160793,
          -0.913125,
          0,
          7.443613,
          9.442457,
          14.327101,
          1
        ]
      },
      {
        "date" : 750066552.021032,
        "title" : "Untitled",
        "transform" : [
          0.58206034,
          -3.9363257e-10,
          0.8131455,
          0,
          -0.02148141,
          0.99965096,
          0.015376678,
          0,
          -0.81286174,
          -0.026417667,
          0.5818572,
          0,
          7.443613,
          9.442457,
          14.327101,
          1
        ]
      },
      {
        "date" : 750066484.742986,
        "title" : "Untitled",
        "transform" : [
          0.5820604,
          -3.699625e-10,
          0.8131456,
          0,
          -0.02148141,
          0.99965096,
          0.015376678,
          0,
          -0.81286174,
          -0.026417667,
          0.5818572,
          0,
          7.443613,
          9.442457,
          14.327101,
          1
        ]
      },
      {
        "date" : 750066470.169639,
        "title" : "Untitled",
        "transform" : [
          -0.47891283,
          9.9764104e-05,
          0.8778624,
          0,
          0.6748477,
          0.63960344,
          0.36808679,
          0,
          -0.561447,
          0.7687051,
          -0.3063816,
          0,
          -165.40033,
          117.3656,
          53.597515,
          1
        ]
      },
      {
        "date" : 750066466.648382,
        "title" : "Untitled",
        "transform" : [
          0.096177965,
          9.976337e-05,
          0.9953641,
          0,
          0.6405666,
          0.76539797,
          -0.061972048,
          0,
          -0.76185584,
          0.64355737,
          0.073550515,
          0,
          -145.1517,
          93.74048,
          137.18738,
          1
        ]
      },
      {
        "date" : 750065751.372347,
        "title" : "Untitled",
        "transform" : [
          0.096581206,
          0.0005815919,
          0.99532497,
          0,
          0.6405059,
          0.76539767,
          -0.06259863,
          0,
          -0.76185584,
          0.64355737,
          0.073550515,
          0,
          -145.1517,
          93.74048,
          137.18738,
          1
        ]
      },
      {
        "date" : 750065741.808391,
        "title" : "Untitled",
        "transform" : [
          0.59807444,
          -1.8178428e-08,
          0.80144054,
          0,
          0.53503394,
          0.7445289,
          -0.39926872,
          0,
          -0.5966956,
          0.6675903,
          0.44528377,
          0,
          -145.1517,
          93.74048,
          137.18738,
          1
        ]
      }
    ],
    "CF1064AA-49F7-4917-9EB0-5A96E7D1DA98" : [
      {
        "date" : 752402831.700091,
        "title" : "Untitled",
        "transform" : [
          -0.019246588,
          8.4340455e-09,
          0.9998148,
          0,
          0.55554163,
          0.8314199,
          0.01069425,
          0,
          -0.8312661,
          0.5556446,
          -0.016001992,
          0,
          -8.366751,
          6.9003124,
          -0.18670592,
          1
        ]
      },
      {
        "date" : 752402825.330786,
        "title" : "Untitled",
        "transform" : [
          0.99514645,
          7.858887e-09,
          -0.09840535,
          0,
          -0.06889135,
          0.7140672,
          -0.6966793,
          0,
          0.07026803,
          0.7000772,
          0.71060145,
          0,
          0.5194494,
          8.286772,
          6.53697,
          1
        ]
      },
      {
        "date" : 752402739.585062,
        "title" : "Untitled",
        "transform" : [
          -0.20834509,
          -1.1746341e-08,
          0.97805536,
          0,
          0.95939136,
          0.19442588,
          0.2043693,
          0,
          -0.19015929,
          0.9809173,
          -0.04050764,
          0,
          -2.3231528,
          9.235053,
          -0.76431495,
          1
        ]
      },
      {
        "date" : 752402733.286835,
        "title" : "Untitled",
        "transform" : [
          -0.4815789,
          -1.2053237e-08,
          0.87640285,
          0,
          0.12437725,
          0.98987854,
          0.0683447,
          0,
          -0.86753225,
          0.14191793,
          -0.4767045,
          0,
          -8.219257,
          1.2200722,
          -4.7174473,
          1
        ]
      },
      {
        "date" : 752402673.087704,
        "title" : "Untitled",
        "transform" : [
          -0.31955203,
          -3.7710532e-09,
          0.9475687,
          0,
          0.937165,
          0.1477779,
          0.31604356,
          0,
          -0.14002976,
          0.9890206,
          -0.047222715,
          0,
          -1.8343894,
          9.326401,
          -0.8609417,
          1
        ]
      },
      {
        "date" : 752402671.267941,
        "title" : "Untitled",
        "transform" : [
          -0.30666092,
          -4.413911e-09,
          0.95181876,
          0,
          0.075312294,
          0.9968647,
          0.024264434,
          0,
          -0.9488346,
          0.079124615,
          -0.30569947,
          0,
          -9.010106,
          0.14232445,
          -3.1441555,
          1
        ]
      },
      {
        "date" : 752402667.40309,
        "title" : "Untitled",
        "transform" : [
          -0.306661,
          -1.6226984e-09,
          0.9518187,
          0,
          0.0753123,
          0.9968647,
          0.024264434,
          0,
          -0.94883454,
          0.07912463,
          -0.30569953,
          0,
          -5.880283,
          0.41435304,
          -1.7648486,
          1
        ]
      },
      {
        "date" : 752402662.906771,
        "title" : "Untitled",
        "transform" : [
          0.057065956,
          -5.4802403e-09,
          0.99837035,
          0,
          0.5017249,
          0.86455166,
          -0.028678138,
          0,
          -0.8631428,
          0.50254387,
          0.04933649,
          0,
          -19.836117,
          11.252237,
          1.5931567,
          1
        ]
      },
      {
        "date" : 752402660.080857,
        "title" : "Untitled",
        "transform" : [
          0.057065822,
          -3.989255e-09,
          0.9983704,
          0,
          0.99776226,
          0.0348996,
          -0.057031047,
          0,
          -0.03484272,
          0.9993908,
          0.0019916228,
          0,
          -0.13967459,
          10.256657,
          -1.2383693,
          1
        ]
      },
      {
        "date" : 752402295.829765,
        "title" : "Untitled",
        "transform" : [
          -0.4553747,
          -4.5791424e-09,
          0.89029956,
          0,
          0.85591274,
          0.2752387,
          0.43778634,
          0,
          -0.24504495,
          0.9613758,
          -0.1253367,
          0,
          -1.698222,
          9.936407,
          -2.2662585,
          1
        ]
      }
    ]
  },
  "sceneViewportBackgroundColors" : {

  },
  "selectedSceneRelativePath" : "Scene.usda"
}